0 0 0 0 0 74 0 0 22 0 0 0 17 0 0 0 0 0 0 0 0 0 0 0 0 0 0 0 0 0 0 0 37 0 0 0 0 0 0 0 0 0 0 0 0 0 0 2 0 0 0 0 0 0 0 0 0 0 0 0 0 0 35 79 0 0 37 0 0 0 0 0 0 0 0
0 0 0 0 0 0 0 15 0 0 31 0 0 0 0 0 0 0 0 0 0 0 0 0 72 0 0 0 0 0 0 27 0 42 0 0 0 0 0 0 0 0 16 0 0 0 0 0 0 30 0 0 0 0 0 0 71 0 0 0 0 0 0 0 0 0 0 0 94 1 0 0 0 0 0
0 0 0 0 96 0 0 81 0 0 0 0 0 0 0 0 0 0 0 0 0 0 0 0 0 0 0 0 0 0 0 0 0 0 0 0 0 0 70 0 0 0 0 0 0 0 0 0 0 0 0 0 0 0 0 0 61 0 0 0 0 0 0 0 98 39 0 0 0 0 0 0 0 0 0
0 0 0 0 0 0 0 0 0 21 0 0 0 0 61 0 54 86 0 0 0 0 0 0 0 0 0 0 0 0 0 19 0 0 0 0 0 0 0 0 0 0 0 0 0 0 0 0 0 0 0 97 0 0 0 0 0 0 0 0 0 0 0 0 0 0 72 0 0 0 0 0 0 0 0
0 57 58 0 0 0 0 0 0 0 0 0 0 0 0 48 0 0 0 0 0 0 0 46 0 0 0 0 0 0 0 0 0 0 0 0 0 0 0 0 0 0 0 8 0 0 0 0 0 0 0 0 0 0 0 0 35 0 0 0 0 0 0 0 0 0 0 0 0 0 0 0 0 0 0
0 0 0 0 0 0 0 0 0 0 0 0 0 78 0 0 0 0 0 58 0 0 0 0 0 0 0 0 0 0 0 0 0 0 0 0 0 0 0 0 0 0 0 0 0 0 0 0 0 0 0 0 43 0 29 0 0 0 0 0 0 0 0 0 0 0 0 0 0 0 9 0 0 0 0
8 0 0 89 40 0 0 0 0 0 0 0 0 0 97 0 0 57 91 0 0 0 0 0 0 0 0 0 0 0 26 0 0 0 0 0 0 0 0 0 0 0 0 0 68 0 0 50 0 0 0 0 0 80 0 0 0 0 0 0 0 0 0 0 0 0 0 0 0 0 0 0 0 0 0
0 0 0 35 0 0 0 58 0 0 0 0 0 65 0 18 0 0 0 0 0 0 0 0 0 0 0 0 0 0 0 0 0 0 0 0 0 0 0 0 0 0 0 0 0 0 0 0 0 0 86 0 0 0 0 0 0 0 0 0 0 0 0 0 40 0 0 0 0 0 0 0 0 61 0
0 0 0 0 0 0 0 0 0 0 0 0 10 0 0 0 0 0 0 0 0 0 0 0 0 0 0 0 0 0 0 0 46 0 0 0 0 0 0 0 0 0 58 0 92 0 0 0 0 0 0 0 0 0 49 82 0 75 0 0 62 0 0 0 51 0 0 0 0 0 0 0 0 0 0
0 0 0 0 0 0 72 0 0 0 0 0 0 0 0 68 0 0 0 0 0 0 0 61 0 0 0 0 0 0 0 0 0 21 0 0 0 0 0 0 0 0 0 0 0 0 0 0 0 64 36 0 0 11 0 0 0 0 0 0 0 62 0 0 0 0 0 0 0 0 0 0 0 0 0
0 0 0 0 0 0 0 0 0 0 0 0 0 0 0 0 0 0 0 0 52 0 0 0 0 0 0 0 0 0 0 2 0 0 0 0 0 20 0 0 0 0 0 0 0 0 0 0 0 0 0 0 0 0 0 0 0 0 0 0 0 0 0 0 0 0 4 0 0 0 0 0 0 0 15
0 0 0 0 0 39 0 0 0 0 0 0 0 0 0 0 0 0 0 0 0 0 0 0 0 0 45 72 0 0 0 0 0 0 0 0 0 0 0 0 0 0 26 0 0 0 0 13 0 0 0 0 63 0 0 0 0 0 0 0 0 0 0 0 0 0 0 0 0 0 0 0 0 0 0
51 0 0 0 0 0 0 0 24 0 0 0 0 91 0 0 0 0 0 0 0 0 0 0 0 0 0 0 0 0 0 0 69 0 0 0 0 0 0 0 0 0 0 0 21 0 0 0 0 0 0 0 0 0 0 0 49 0 0 0 42 0 0 0 0 0 0 0 0 67 0 0 0 0 0
44 0 0 0 0 49 0 0 0 0 0 0 0 0 0 0 0 0 0 39 51 0 0 0 0 91 0 0 0 0 0 0 0 0 94 0 0 0 0 0 0 0 77 0 0 0 36 5 0 0 0 0 0 0 0 0 0 0 0 34 0 0 0 0 0 0 0 0 0 0 0 0 23 0 0
0 0 0 0 0 0 0 0 0 0 0 0 0 0 0 0 0 0 0 0 0 0 0 0 0 0 0 0 0 0 0 0 0 0 63 0 0 65 0 0 0 0 0 0 0 93 24 0 63 0 56 0 0 0 0 2 0 0 0 0 0 0 0 0 0 0 0 0 0 0 0 94 0 0 0
0 19 0 0 0 7 0 0 0 0 0 0 0 0 0 0 0 0 0 0 0 0 0 0 0 0 0 0 0 0 0 0 0 0 0 67 0 0 0 0 0 0 42 0 0 0 0 0 0 0 0 0 0 0 0 41 0 0 0 0 0 0 0 0 0 0 0 0 0 0 0 0 0 0 0
0 0 0 0 0 0 0 0 0 0 0 0 0 0 0 0 0 0 0 0 0 0 0 0 68 0 0 0 0 0 0 0 0 0 0 0 0 0 0 0 0 0 0 0 0 0 0 0 0 0 0 55 0 0 0 44 0 0 0 0 0 0 0 0 0 87 0 0 0 0 0 0 0 0 0
0 0 0 4 0 0 0 0 0 0 0 0 1 0 0 0 0 0 0 0 0 0 0 78 0 0 75 0 0 0 50 0 0 0 0 0 31 0 0 0 0 0 0 0 0 0 0 0 0 0 0 0 0 0 0 0 0 0 0 0 0 0 0 0 0 0 0 23 0 0 0 0 0 0 0
0 0 0 0 0 0 0 0 0 0 0 0 89 0 18 0 0 0 56 0 0 0 0 0 25 0 0 78 51 0 0 0 0 0 0 0 0 0 0 2 0 0 0 0 0 0 0 0 0 0 0 0 0 0 0 64 0 0 0 0 0 0 0 0 0 98 0 0 0 0 0 0 0 0 0
57 0 0 0 0 0 0 0 0 0 0 66 0 0 0 0 97 0 0 0 0 0 0 0 0 0 0 0 0 19 0 0 0 0 0 0 0 0 0 0 0 11 0 0 0 0 0 0 0 0 0 0 0 0 0 0 6 0 0 0 0 0 65 0 0 0 0 0 18 0 0 0 0 0 0
0 0 0 0 0 0 72 0 0 0 0 0 0 0 0 0 0 0 0 0 0 43 0 0 0 0 17 0 0 0 0 0 0 0 0 0 97 15 0 0 0 0 0 0 0 0 0 0 0 0 85 0 0 0 0 0 0 0 0 0 0 0 0 0 0 0 0 0 0 0 0 0 0 0 0
0 75 0 0 0 0 0 0 0 0 0 44 0 0 0 0 0 0 0 0 0 0 0 0 0 63 11 58 0 0 0 82 0 0 0 0 0 0 18 0 7 0 0 0 0 0 0 0 0 0 0 0 0 0 0 66 0 0 0 0 17 0 0 0 0 0 0 0 0 0 0 0 23 0 0
27 0 0 0 66 43 24 0 0 0 0 0 0 0 0 0 0 98 0 0 0 0 0 0 0 14 0 0 0 0 0 0 0 0 0 0 0 0 0 0 0 0 25 0 0 0 0 0 0 0 0 84 0 0 0 0 9 0 0 0 0 0 0 0 61 0 0 0 0 0 0 0 0 48 0
0 0 0 0 0 0 0 0 0 0 0 0 0 0 0 79 0 96 0 0 0 0 0 0 0 0 0 73 0 0 0 70 0 0 0 0 0 0 0 0 90 0 0 0 0 9 0 0 0 0 0 0 21 0 23 0 0 55 0 0 0 0 0 0 0 0 0 0 0 0 0 0 0 0 0
0 0 0 0 0 63 0 0 0 0 0 0 0 0 34 0 0 0 0 0 0 0 0 0 0 0 0 0 0 0 5 0 0 0 0 0 0 0 0 0 0 0 0 0 0 0 0 0 0 0 0 0 0 0 0 0 41 0 0 0 0 0 0 0 0 0 0 0 0 0 11 0 0 0 82
0 0 65 55 0 0 0 0 0 0 0 0 17 0 0 0 0 0 0 0 0 0 0 0 0 0 0 0 0 0 0 0 0 0 0 0 0 0 0 0 0 0 0 0 0 93 67 0 0 37 0 0 0 0 0 0 0 0 0 0 36 0 0 0 0 0 70 0 0 0 0 2 0 0 0
0 0 0 0 0 0 0 0 0 0 0 0 0 0 0 0 0 0 0 0 0 0 0 67 51 0 0 0 0 0 0 0 0 0 0 0 0 0 0 0 0 0 0 0 0 0 77 0 0 0 0 0 0 0 0 0 0 0 0 0 0 0 0 0 0 0 21 6 0 12 0 0 0 0 0
0 0 0 0 0 0 0 0 0 35 90 0 0 0 0 0 0 0 0 0 0 0 0 0 0 0 0 11 0 0 0 0 0 0 0 0 0 0 0 91 0 0 0 72 0 0 38 0 0 0 0 0 0 0 0 0 0 0 0 38 0 0 0 0 0 0 0 0 0 0 0 0 0 0 0
0 0 19 0 0 0 0 0 0 0 0 39 0 0 0 0 0 0 0 0 0 0 72 0 0 0 0 0 0 0 42 0 0 0 51 0 0 0 0 0 0 0 0 0 5 0 0 0 0 0 0 0 0 0 0 0 0 0 0 0 0 95 0 0 0 12 0 0 0 0 0 0 0 0 0
0 0 0 0 0 0 0 0 0 0 0 0 0 0 0 0 0 0 0 0 0 0 0 0 0 0 0 0 0 0 0 0 0 0 0 0 0 0 0 0 0 0 0 23 0 0 0 0 0 0 0 0 0 0 0 0 0 0 0 0 0 0 0 0 0 0 0 0 0 0 0 0 34 0 0
0 0 78 0 0 0 0 0 0 0 0 0 0 0 0 0 0 0 0 0 0 0 0 0 0 0 0 0 0 0 0 0 0 0 0 74 0 0 0 0 0 0 0 0 98 0 0 0 0 0 0 0 0 0 0 0 0 0 0 0 0 0 0 0 0 0 0 0 0 0 0 0 0 0 0
0 0 0 0 0 0 0 0 0 0 0 0 0 0 7 0 0 0 0 0 0 0 0 0 0 0 0 0 0 0 0 0 0 0 0 0 0 0 43 0 0 71 0 0 0 0 0 0 0 0 0 0 0 0 0 17 0 0 0 0 0 0 0 0 91 0 0 0 95 0 0 0 0 0 0
0 11 0 0 9 0 0 0 0 0 0 0 37 0 0 0 0 0 0 0 0 0 0 0 0 3 0 0 0 0 0 0 0 0 0 0 85 0 0 0 0 0 0 43 0 0 0 0 0 0 0 0 0 0 0 0 0 0 0 0 84 0 0 19 0 65 10 30 0 36 0 0 0 0 0
0 0 0 0 0 0 0 0 0 0 0 0 0 0 0 0 0 0 0 0 0 18 62 56 0 0 0 0 0 0 0 0 0 0 0 0 0 0 36 0 0 0 0 77 0 2 0 0 0 0 0 0 0 0 0 0 12 0 0 96 0 0 0 0 0 0 0 0 0 0 0 0 0 0 0
0 0 0 0 0 0 0 0 0 0 0 0 23 0 0 0 0 0 0 0 0 0 82 0 0 0 0 0 0 0 0 0 0 0 0 0 0 38 0 0 0 0 0 0 0 28 0 0 0 0 0 0 0 0 0 0 41 0 0 0 0 0 0 0 0 0 0 0 0 0 0 0 0 0 0
0 0 0 0 0 0 0 0 0 0 0 0 0 1 48 0 0 86 23 0 0 0 0 0 0 14 0 0 0 84 0 0 0 0 0 0 0 0 0 0 0 0 0 0 0 0 0 0 0 0 0 0 0 0 0 0 0 0 0 0 0 0 16 0 92 23 0 82 0 0 0 0 0 0 0
0 0 0 0 0 67 0 0 0 0 0 0 0 0 0 0 0 0 0 0 0 0 0 0 0 0 0 0 0 0 0 0 0 0 0 0 0 0 0 0 0 0 0 0 0 0 0 0 0 25 0 0 0 0 89 0 0 12 0 0 0 0 0 0 50 0 83 0 0 0 0 46 88 0 78
52 0 54 0 0 0 0 0 0 0 0 0 0 0 0 0 0 0 0 0 0 0 0 0 0 77 0 0 0 0 0 0 0 0 0 0 0 0 0 0 0 0 0 0 32 0 0 0 0 0 0 0 0 72 0 0 0 0 0 0 0 0 0 0 0 0 0 0 0 78 0 0 0 0 0
0 0 0 19 0 0 0 0 0 0 0 0 0 0 0 0 0 0 0 0 0 0 0 0 0 40 0 0 0 0 0 0 0 0 0 0 0 0 0 0 0 74 0 0 0 0 0 0 0 0 0 0 53 0 0 0 0 0 0 92 0 0 0 0 0 0 0 0 0 0 0 0 0 0 0
0 0 0 0 0 0 0 0 0 0 0 0 0 0 0 0 0 0 0 0 0 0 0 0 60 0 0 0 0 0 0 0 0 0 0 0 0 0 0 3 0 0 48 0 0 0 0 0 0 0 0 24 0 18 0 0 0 0 0 0 0 95 4 0 0 0 11 0 85 0 0 0 80 0 0
0 0 0 0 0 0 0 0 33 0 0 0 0 0 0 0 0 0 0 0 0 0 0 0 0 0 0 0 0 0 0 0 9 0 0 0 0 0 5 0 0 0 0 61 0 0 0 0 0 0 0 0 0 0 0 0 0 0 0 0 0 0 0 0 0 50 0 0 0 0 0 0 0 0 0
0 0 0 0 0 0 0 0 0 0 0 0 0 0 0 0 0 7 0 0 0 0 0 0 0 0 38 0 0 38 0 0 0 0 0 0 0 0 0 0 0 0 0 0 0 0 55 0 0 0 0 0 0 0 0 75 0 0 0 0 0 93 0 0 0 0 0 0 0 0 0 0 0 0 0
0 0 0 0 0 0 0 0 0 0 0 0 0 0 0 0 0 0 0 0 0 0 0 0 0 72 0 91 0 0 0 0 0 0 0 75 0 0 0 0 0 59 0 0 0 0 0 0 0 69 0 0 0 0 0 92 0 0 0 0 21 9 0 0 0 0 0 0 0 0 0 0 0 0 0
0 0 0 0 0 0 0 0 0 0 0 0 0 0 0 0 0 0 0 32 75 0 0 0 0 0 0 0 0 0 0 0 0 94 0 0 0 0 0 69 0 0 0 0 0 0 0 0 0 82 0 0 0 0 0 0 0 0 0 0 0 0 0 0 0 0 94 0 0 0 5 0 0 0 0
95 0 0 0 0 65 0 0 43 0 0 0 0 0 0 0 0 0 0 0 0 0 0 0 0 0 0 4 0 0 0 0 0 0 0 0 0 0 58 51 0 0 0 0 0 0 0 0 0 0 61 0 0 0 0 0 0 0 96 0 0 0 0 0 0 0 0 0 0 0 0 0 0 0 0
0 0 0 0 0 20 0 0 0 2 0 0 0 0 0 0 0 0 0 0 0 0 28 0 0 0 0 0 0 0 0 0 0 0 0 0 0 0 0 0 0 0 0 0 0 0 0 0 0 0 0 0 0 87 0 0 0 0 0 0 0 0 0 41 20 89 0 0 0 0 0 0 0 0 0
36 0 0 0 57 0 0 0 0 0 0 0 0 0 0 0 0 0 0 0 48 0 0 8 0 0 0 0 0 0 0 0 0 0 0 0 0 0 0 0 0 0 0 0 72 0 0 0 0 0 0 0 0 0 0 48 0 0 0 0 0 0 0 0 87 0 0 0 0 0 75 0 0 0 0
0 0 95 0 0 0 0 0 0 69 0 0 0 0 0 0 0 0 0 0 0 0 0 0 0 0 0 0 0 0 0 0 0 0 0 0 0 0 0 0 0 0 0 0 0 52 0 0 0 0 0 85 0 0 0 0 0 86 0 0 0 57 0 0 0 0 0 0 0 32 37 0 0 0 42
0 0 0 0 0 0 0 0 0 0 73 0 0 0 0 0 28 0 0 0 9 0 53 0 0 0 0 0 43 0 0 0 0 0 0 0 0 0 0 0 0 0 0 0 0 80 0 0 0 0 0 0 0 0 0 0 0 0 0 0 0 40 0 0 0 0 0 0 0 0 0 0 0 0 0
0 0 0 46 0 0 0 0 0 0 0 0 0 0 0 0 0 0 0 0 0 0 0 0 0 0 0 75 0 0 0 0 0 0 0 0 0 0 0 0 0 0 0 5 0 0 0 0 0 0 0 0 0 0 0 17 0 0 0 0 0 77 0 0 0 64 0 0 0 0 0 49 0 0 0
0 0 0 0 0 0 0 0 0 0 69 0 0 0 0 12 0 0 0 0 0 0 0 0 0 0 0 0 0 0 41 0 0 0 0 0 0 0 69 70 0 0 0 0 0 37 81 22 29 0 0 0 68 44 0 0 0 0 0 0 0 0 0 0 0 0 0 0 0 0 69 0 0 0 0
0 0 0 0 0 13 0 0 0 0 0 0 0 0 0 0 0 0 0 0 0 0 0 0 0 0 0 0 0 0 0 0 0 0 0 0 0 0 0 0 0 0 0 0 0 0 0 0 0 0 93 0 0 0 0 0 0 0 0 0 0 0 8 0 0 0 0 0 0 0 0 65 75 0 0
0 0 0 0 0 0 0 0 0 0 0 0 0 0 31 0 0 0 0 0 14 0 0 0 0 0 0 0 0 0 0 0 0 0 0 0 58 0 0 0 0 0 0 0 0 0 0 0 0 0 37 0 0 0 0 0 0 0 0 0 80 0 0 0 0 0 0 0 45 0 0 0 0 0 0
0 0 0 0 0 0 0 0 0 0 0 0 0 0 81 0 0 0 0 0 0 0 0 0 0 0 0 0 44 0 0 43 0 0 0 58 0 0 0 0 0 0 0 50 0 0 0 88 0 0 0 0 0 0 0 0 0 0 0 84 0 0 0 0 0 0 0 0 0 0 90 0 0 0 77
0 0 0 0 0 22 0 0 0 0 0 0 0 0 0 0 0 0 0 0 0 0 0 0 0 0 0 0 0 0 0 0 0 0 0 0 0 0 0 38 0 63 0 0 0 0 0 0 0 0 0 0 0 0 0 0 0 0 0 0 0 0 0 0 0 0 0 0 0 0 0 0 7 0 0
0 0 0 0 0 0 0 0 0 0 0 0 0 0 0 0 0 0 0 0 0 0 0 0 0 0 0 0 0 0 0 69 0 0 82 0 0 0 85 0 0 0 0 0 0 0 92 0 0 28 0 0 0 0 0 0 0 0 0 0 0 0 0 0 0 89 0 0 0 0 0 0 0 0 0
0 0 0 0 0 0 0 0 0 0 0 0 52 0 0 62 0 0 0 0 0 0 0 0 0 0 0 0 0 0 0 0 0 0 0 0 0 0 0 0 0 0 0 0 0 0 0 0 0 0 0 0 81 0 0 0 0 0 0 33 0 0 0 0 0 0 0 0 0 0 0 0 0 0 98
0 0 0 0 23 0 0 0 0 0 0 0 0 0 0 0 0 0 90 0 0 0 0 0 0 0 0 0 0 0 0 0 0 0 0 0 0 0 0 0 0 0 0 0 0 0 0 0 0 0 0 7 0 0 0 0 0 0 0 0 0 0 0 33 0 0 0 0 0 70 0 0 0 0 0
0 0 0 0 0 0 0 0 0 0 0 0 0 0 0 0 0 0 21 0 0 0 0 0 0 0 0 0 0 0 0 0 0 0 0 0 0 68 0 0 0 0 0 0 0 0 0 0 0 0 0 0 0 16 56 0 0 0 0 0 0 0 0 0 0 0 0 0 0 0 0 73 0 0 0
0 0 0 0 0 0 63 0 0 0 0 0 0 0 0 0 0 0 0 67 0 0 0 0 0 0 18 0 0 0 0 0 0 0 0 0 78 0 0 0 0 0 0 0 0 57 31 0 0 0 0 0 0 0 0 0 0 0 0 0 0 69 0 25 0 0 0 0 0 0 0 0 0 0 0
0 0 0 0 0 0 9 0 0 0 0 0 0 0 0 0 0 0 0 31 0 38 0 0 0 0 0 0 0 0 0 0 42 0 0 0 0 0 0 0 0 0 0 0 0 0 0 0 0 0 0 0 0 0 77 0 0 0 0 0 0 81 0 0 0 0 0 0 0 0 80 0 0 0 59
0 0 0 0 0 0 0 0 0 0 0 0 0 0 0 0 0 0 0 0 0 0 0 0 92 0 0 0 0 87 0 0 0 58 0 0 0 0 0 0 0 0 0 0 0 0 0 0 0 0 0 0 90 0 0 0 0 7 0 0 0 0 0 0 0 0 0 0 0 0 0 0 0 0 0
0 0 0 0 0 0 0 0 0 0 0 0 64 0 0 0 0 0 0 0 95 0 0 0 0 52 0 0 0 3 0 43 0 0 0 0 0 0 0 0 0 0 0 0 0 0 0 0 0 0 0 0 0 0 0 0 0 0 0 23 0 81 0 0 0 0 0 59 0 0 0 3 0 0 0
0 0 0 0 0 0 0 0 0 0 0 0 0 0 0 97 0 0 0 0 0 87 0 0 0 0 0 0 0 0 2 0 0 0 0 0 0 0 0 0 0 0 0 0 0 0 0 20 0 0 0 0 0 0 0 57 0 0 0 47 37 0 15 0 0 0 0 0 0 56 0 0 0 0 0
0 0 0 0 0 0 0 0 0 0 0 0 0 0 0 0 0 0 0 0 0 0 0 0 0 0 0 0 95 0 0 0 0 0 7 0 0 0 0 65 0 0 0 0 0 0 0 0 0 0 0 0 0 0 0 0 0 0 0 0 0 0 28 0 0 0 0 0 14 0 0 0 0 0 0
0 0 0 0 0 0 0 0 0 0 0 0 0 0 0 0 0 0 0 0 0 0 0 61 0 0 0 0 0 0 0 0 0 0 0 20 0 0 0 0 0 0 0 25 0 0 0 0 73 0 0 0 24 0 0 0 0 0 0 0 0 0 0 0 0 0 0 0 0 0 0 0 0 0 0
0 0 16 0 0 0 0 0 0 0 0 36 0 0 0 0 0 0 0 0 0 0 0 0 0 0 0 0 0 0 0 0 0 0 0 0 0 0 0 0 16 0 0 0 0 70 0 0 0 0 0 0 0 0 0 0 0 0 0 0 0 0 0 0 0 0 0 0 0 0 0 0 0 0 83
0 10 0 0 0 0 0 0 45 0 0 0 0 0 0 0 0 0 0 0 0 0 0 0 0 0 0 0 0 0 0 0 0 0 0 0 0 0 0 0 0 0 0 0 0 0 0 0 55 4 0 0 0 0 0 0 0 0 0 0 0 0 0 0 17 0 0 0 0 0 0 0 0 0 0
0 0 0 0 0 0 0 0 0 0 0 0 0 0 0 0 50 0 0 0 84 33 0 0 0 0 0 0 0 0 26 0 0 0 0 61 0 0 0 0 0 0 0 0 52 0 0 0 0 0 0 0 0 0 85 0 0 0 79 0 0 0 0 0 0 0 0 0 30 0 0 0 0 29 0
34 0 0 0 0 0 0 75 0 0 79 0 0 0 0 0 0 59 0 0 0 0 70 0 0 1 0 0 0 0 0 22 0 0 0 0 17 0 0 0 0 0 0 0 74 74 0 0 0 0 0 0 0 0 0 0 0 0 0 0 0 0 0 0 0 0 0 0 0 0 53 0 0 0 0
0 0 0 0 0 0 0 0 0 0 0 15 0 94 0 0 0 0 0 0 0 0 0 0 0 0 0 0 0 0 0 0 0 0 0 0 0 0 0 0 0 0 0 0 0 0 0 0 0 0 0 0 0 0 0 0 0 0 0 0 0 0 0 0 0 62 0 0 0 0 0 0 0 0 0
0 0 0 12 0 0 0 0 0 0 0 0 0 0 0 0 0 0 0 0 0 0 0 42 0 0 0 0 0 0 0 0 0 0 0 0 0 0 0 0 0 0 0 0 14 0 0 0 74 0 0 0 0 0 68 0 0 0 0 0 0 0 0 0 0 0 0 0 0 0 0 0 0 0 0
0 0 86 0 0 0 0 0 0 0 0 0 0 0 0 0 0 0 0 0 0 0 0 0 68 0 60 0 0 0 0 0 67 25 0 21 0 0 0 0 0 0 0 0 88 0 0 0 0 0 0 0 0 0 0 0 0 0 0 0 0 0 57 0 0 0 0 0 0 0 0 0 0 0 0
0 0 0 0 0 0 75 0 0 96 0 0 0 68 0 0 23 0 0 0 0 0 0 0 0 0 0 0 22 0 0 0 0 0 0 0 0 0 60 0 0 0 0 0 0 0 16 0 0 0 0 0 0 0 0 0 0 0 0 0 0 32 0 0 38 0 0 0 0 0 0 66 0 25 0
0 0 89 0 0 82 0 0 0 0 0 0 0 0 0 13 0 0 0 0 0 0 0 0 0 0 0 0 0 0 71 0 0 0 0 0 0 0 0 0 0 95 73 0 0 0 0 0 0 0 0 0 0 91 0 0 0 0 0 0 0 0 49 0 0 0 0 0 0 0 0 0 63 0 0
0 0 0 0 0 0 0 0 0 0 0 0 0 0 0 0 0 0 74 0 0 0 0 0 92 0 0 0 0 0 0 0 0 0 0 0 0 0 0 0 0 3 0 0 0 0 0 0 0 0 0 0 0 0 0 0 0 0 0 0 0 0 0 0 0 0 0 0 0 0 0 0 0 0 0
0 0 0 0 0 0 0 0 0 0 56 0 0 0 56 77 0 0 0 0 0 0 0 0 0 0 0 0 0 48 0 0 0 0 0 0 0 0 0 0 0 8 0 0 0 0 0 90 0 0 0 0 0 49 0 0 0 0 0 0 0 0 0 0 0 0 0 0 0 16 0 0 0 0 2
0 0 0 0 0 0 0 0 0 0 0 79 0 0 0 0 0 0 0 0 0 0 0 0 0 0 0 0 0 0 0 19 0 0 64 76 31 0 0 0 0 0 0 0 0 0 0 0 0 0 0 0 0 0 88 0 0 0 0 0 0 0 0 0 0 0 0 0 0 0 0 0 0 0 0
0 0 0 0 0 0 0 0 0 74 4 0 0 0 0 0 0 0 94 0 0 0 0 0 0 0 0 0 0 37 0 0 0 0 0 0 0 0 0 0 0 0 0 0 0 0 0 0 0 0 0 0 0 0 0 0 0 0 0 0 0 0 65 0 0 0 0 0 0 0 0 0 0 0 0
0 0 0 0 0 0 81 0 0 0 0 0 0 0 0 0 0 0 0 0 0 0 0 0 0 0 0 0 0 0 0 0 0 49 0 0 0 88 0 23 0 0 0 78 0 0 80 0 0 0 0 0 0 0 0 0 0 0 0 0 42 0 0 0 0 0 0 0 0 0 25 0 0 0 0
0 0 0 0 0 0 0 0 0 0 0 0 0 0 0 0 0 0 0 0 0 0 90 0 0 29 0 0 0 0 0 0 0 0 0 0 8 0 0 0 0 0 0 0 0 0 0 0 0 59 96 0 0 0 0 0 0 27 0 74 0 0 0 0 0 0 0 0 0 0 0 0 0 0 0
0 0 22 0 37 0 0 0 0 0 0 0 0 0 0 0 0 0 0 0 0 0 0 0 0 0 0 0 0 0 0 0 0 0 0 0 0 0 0 0 0 0 0 0 0 0 0 0 0 0 0 0 0 0 0 0 25 0 0 0 0 0 0 0 0 0 0 0 0 0 0 0 0 0 0
0 0 0 0 0 0 0 86 31 0 0 33 0 0 0 77 96 0 0 0 0 0 0 0 0 0 0 0 0 0 0 0 0 74 33 0 0 0 8 0 0 0 0 0 0 0 0 0 0 0 7 0 0 0 0 0 0 0 0 0 51 0 0 0 0 0 0 0 0 0 0 0 0 0 0
28 0 0 0 0 0 0 43 0 0 0 0 0 0 0 0 0 0 0 0 0 89 0 0 0 0 0 0 0 0 0 0 2 0 0 0 15 0 0 0 0 6 0 0 0 0 0 0 0 0 0 0 0 18 0 0 0 0 0 0 0 0 0 0 0 0 0 0 0 0 0 0 0 96 0
0 0 0 0 54 0 0 0 3 0 0 0 0 0 0 0 0 0 0 0 0 0 0 0 0 0 97 0 0 0 0 0 0 0 0 0 0 0 0 0 0 0 0 0 0 0 0 0 0 0 0 0 0 0 0 0 0 0 0 0 0 0 33 0 0 77 0 83 0 0 0 0 0 46 0
0 0 0 0 0 0 0 0 0 97 0 0 0 0 0 0 0 0 43 94 0 0 0 0 0 0 0 0 0 0 0 0 0 0 0 0 0 0 0 0 0 0 0 0 0 0 0 0 0 0 80 0 0 0 0 0 0 0 0 0 0 0 0 0 0 0 0 0 11 0 0 0 0 0 98
0 0 0 0 14 0 0 0 0 0 0 0 0 0 0 0 25 0 0 45 0 0 0 0 0 0 0 0 0 0 0 0 88 0 0 0 0 0 0 0 0 0 0 20 0 0 0 0 0 0 0 6 0 0 0 0 0 0 0 0 0 0 0 0 0 0 0 0 0 0 0 0 0 0 0
0 0 0 0 0 0 0 0 0 0 0 0 0 0 0 0 0 0 0 0 71 1 0 0 0 0 0 0 0 0 0 0 0 0 0 0 0 0 0 0 0 0 0 26 0 0 0 0 0 0 0 0 0 0 0 0 0 0 64 0 0 0 0 0 0 0 0 0 55 0 0 0 0 0 0
0 0 0 0 0 3 0 0 0 0 0 0 0 0 0 0 0 0 0 0 0 0 0 0 0 0 0 91 0 0 9 0 0 0 0 0 0 0 0 66 0 0 0 0 0 96 0 0 36 0 0 0 0 0 0 0 0 0 0 0 18 0 24 0 0 0 0 0 0 0 0 0 0 0 0
93 0 0 0 0 0 0 0 60 0 0 0 0 0 0 0 50 0 0 0 0 0 0 0 0 0 0 0 0 0 0 93 0 0 0 0 0 41 0 0 0 0 0 0 0 0 0 0 0 27 0 0 0 0 43 0 0 0 0 0 0 0 0 0 0 0 0 0 0 0 0 83 0 0 0
0 0 12 0 0 0 0 0 0 0 0 0 0 0 0 0 0 77 0 58 0 21 0 0 0 0 0 0 0 0 0 0 0 0 0 0 0 0 0 0 0 0 0 0 0 0 0 46 0 0 0 0 19 0 0 0 0 0 0 94 0 0 0 46 0 86 0 0 0 0 0 0 0 0 0
0 0 0 0 0 0 0 0 0 0 0 0 0 0 0 0 89 0 0 0 0 0 0 0 0 0 0 0 0 0 0 0 0 0 0 0 0 0 0 0 0 0 0 0 0 0 0 0 0 0 0 0 0 20 0 0 0 0 0 0 0 0 0 0 0 0 0 0 32 0 16 0 0 0 0
0 0 0 0 0 0 0 0 0 0 0 0 0 30 0 0 61 0 0 0 0 23 0 0 0 0 0 0 0 0 40 77 0 0 0 0 0 0 0 0 0 0 0 0 0 0 13 0 0 0 0 0 0 0 0 0 0 0 0 0 0 0 0 0 0 0 0 0 0 0 0 0 0 0 42
0 0 0 0 0 0 0 0 0 0 0 75 0 0 0 0 30 0 0 51 0 0 0 0 0 0 0 0 0 0 0 0 0 0 0 0 49 0 0 0 0 0 0 0 0 0 0 0 0 0 0 0 0 0 0 0 0 0 0 0 0 0 0 0 0 0 0 0 0 0 0 0 0 0 0
0 0 0 92 0 0 68 0 0 0 0 0 0 0 0 0 0 0 0 0 76 0 0 0 0 0 21 0 3 0 0 0 0 0 0 0 0 0 0 0 0 25 0 0 0 0 0 0 0 0 0 0 0 0 0 0 0 0 0 0 0 0 0 0 0 0 0 0 0 0 0 0 0 0 0
0 0 0 0 0 72 0 57 0 0 0 0 0 0 0 0 0 0 3 0 0 0 0 0 0 0 67 0 0 0 0 0 0 0 0 0 0 0 0 0 0 0 0 0 0 0 0 27 0 0 0 0 0 0 0 0 0 0 89 0 0 0 0 58 0 0 0 0 0 0 0 0 0 0 0
84 72 0 0 0 0 0 0 0 0 0 0 0 0 0 0 0 0 30 0 0 0 0 0 43 0 0 0 0 0 0 0 0 0 0 50 0 0 0 0 0 0 0 0 0 0 0 0 0 0 0 0 0 0 0 0 0 91 0 0 0 0 0 0 0 0 0 0 0 85 0 0 0 0 0
0 78 0 0 0 0 29 0 0 0 0 0 0 0 0 24 0 27 0 0 0 0 0 0 0 0 38 0 0 0 13 0 0 0 0 0 0 0 0 0 0 81 0 0 0 0 0 0 0 0 0 0 0 0 0 0 0 0 0 0 45 0 0 0 0 0 0 0 0 0 0 27 0 0 0
0 0 0 0 0 0 0 0 64 0 0 0 0 0 0 0 0 0 0 36 0 0 0 0 0 0 0 0 0 0 0 0 0 0 0 0 0 0 0 0 50 0 0 0 40 0 0 0 0 0 0 0 0 0 0 0 0 0 0 0 0 0 41 0 64 0 0 0 0 0 0 18 0 0 0
0 18 0 0 0 0 0 0 0 62 0 0 0 0 0 0 0 42 0 0 0 0 92 0 0 53 0 0 0 0 0 0 0 0 0 0 0 0 0 0 0 0 0 0 0 0 72 0 0 0 0 0 0 0 13 0 0 0 0 74 0 0 0 0 0 0 0 0 0 0 0 0 0 0 0
0 0 0 77 0 0 0 0 0 0 0 68 0 0 0 0 0 0 0 0 0 0 0 27 0 0 0 0 0 0 82 0 28 0 0 0 0 64 0 0 41 0 0 0 0 71 0 0 0 0 0 0 0 0 0 0 0 0 0 84 0 0 0 0 0 0 20 0 0 0 0 0 0 0 0
0 0 0 0 0 0 0 0 0 13 0 0 0 0 0 55 50 0 0 0 0 0 0 0 0 0 0 72 0 0 0 0 0 0 0 0 0 0 0 0 0 0 0 0 0 0 0 0 0 0 0 0 0 0 0 0 66 0 0 0 0 0 20 0 0 0 43 0 0 0 0 0 82 0 0
0 0 0 0 0 0 0 0 0 0 56 0 65 0 0 0 0 0 0 0 0 0 0 0 0 0 0 0 0 27 0 0 39 0 0 0 15 0 0 86 8 0 0 19 0 0 0 0 0 0 45 0 0 0 0 0 28 0 0 0 0 0 0 0 0 77 0 0 0 0 0 0 0 0 0
0 0 0 0 18 0 26 0 0 0 1 0 0 0 0 0 0 0 0 0 0 0 0 0 0 0 0 0 0 0 0 0 0 0 0 0 0 0 0 0 0 0 0 0 0 0 0 0 15 0 0 0 0 0 0 0 0 0 0 0 0 0 0 0 0 0 0 0 0 0 0 0 0 0 0
0 0 0 57 0 0 0 19 0 0 0 0 0 0 0 0 0 0 0 0 0 0 0 0 63 0 0 0 0 0 0 0 0 66 0 0 0 0 0 22 0 84 0 0 0 0 0 0 0 0 0 0 0 0 0 0 0 88 0 0 0 0 0 0 0 0 0 0 0 0 0 0 0 0 0
49 0 0 0 0 0 0 0 0 0 0 0 0 0 0 0 0 0 0 0 0 0 0 29 58 0 0 0 0 0 0 0 0 0 0 30 0 0 0 0 0 0 0 0 0 0 0 0 0 0 0 0 0 0 0 0 0 0 0 0 0 41 0 0 0 0 0 0 0 0 0 0 88 0 0
0 0 0 0 0 0 3 0 0 0 0 0 0 0 0 0 0 0 0 0 0 0 0 0 0 0 0 39 0 0 0 0 0 0 0 0 0 0 0 0 85 0 0 0 0 53 0 0 0 0 14 0 0 0 0 0 0 0 0 0 0 55 0 0 0 0 0 0 0 0 0 0 0 0 0
0 0 0 0 0 0 0 0 0 0 0 0 0 0 0 0 0 0 0 0 0 0 0 0 0 0 33 0 0 0 0 0 0 0 0 0 0 0 0 0 0 0 0 0 0 0 0 0 25 0 0 0 58 0 0 0 0 0 0 0 0 0 0 0 0 0 0 73 0 87 0 0 8 0 0
0 0 0 0 0 0 0 0 0 0 0 60 0 0 0 0 0 0 0 0 0 0 0 0 40 0 0 42 0 0 0 0 0 0 0 0 0 0 0 77 0 0 0 0 0 0 0 0 0 0 0 0 0 0 0 0 0 39 0 0 0 0 6 0 0 0 76 0 0 0 0 0 0 1 0
0 0 98 0 0 0 0 0 0 0 6 0 0 0 0 0 0 0 0 0 0 0 0 0 0 0 0 0 0 0 0 0 0 9 0 0 0 0 0 0 0 0 0 0 0 89 0 0 0 0 0 0 0 0 0 0 0 0 0 0 0 0 0 0 0 0 0 0 0 0 0 0 0 0 0
0 0 24 0 8 0 0 0 61 0 0 0 0 0 0 0 0 0 0 0 0 0 0 0 0 0 0 0 0 75 0 0 0 0 0 0 0 0 32 0 0 2 0 0 0 0 0 0 0 0 0 0 0 0 0 0 0 0 0 0 0 0 71 0 0 0 22 0 0 0 0 0 0 0 0
0 0 0 0 0 0 0 20 0 0 0 0 0 0 0 0 0 0 0 0 0 0 92 0 0 0 0 0 19 0 0 0 0 0 0 0 0 0 0 0 0 0 0 0 0 0 0 64 0 0 0 0 0 0 44 0 9 0 0 0 0 0 0 0 0 0 0 0 0 0 0 0 0 0 24
38 0 0 0 0 0 0 96 0 0 0 0 0 65 0 0 76 0 0 0 0 0 0 0 0 0 0 0 0 0 70 0 0 0 0 21 0 0 0 0 0 0 0 0 0 0 0 46 0 0 0 0 0 65 0 0 54 0 0 0 13 0 0 97 0 0 0 1 0 0 0 0 0 0 0
0 7 0 0 0 0 0 0 62 0 0 0 0 50 0 0 0 0 90 32 0 0 47 0 0 0 0 0 0 0 0 0 0 0 0 0 0 0 0 0 0 0 0 0 0 0 0 0 0 0 0 0 0 0 90 0 0 82 0 0 0 0 0 0 59 0 0 0 0 0 0 0 0 0 88
0 0 0 0 0 0 0 0 17 0 0 0 0 0 79 0 0 0 0 0 0 0 0 0 0 0 40 0 0 0 0 0 0 0 0 0 0 0 93 0 0 0 0 0 0 57 0 0 0 0 0 0 0 35 36 0 0 0 0 0 29 0 0 0 0 0 0 0 0 0 0 0 0 0 0
0 0 0 0 0 0 0 0 0 0 0 0 0 0 0 0 0 0 0 0 0 0 0 0 0 0 0 0 0 0 0 0 46 0 0 0 0 3 19 0 0 0 0 0 0 0 0 0 0 0 0 0 0 0 0 0 0 0 0 87 0 55 0 0 0 0 0 0 0 0 37 0 0 4 0
0 0 0 0 0 0 0 0 0 0 0 0 0 0 0 0 0 0 0 0 0 0 0 0 0 0 0 0 66 0 0 0 0 0 0 0 0 0 0 68 0 0 0 0 0 0 0 79 0 0 0 0 0 0 0 0 0 0 48 0 0 0 0 0 0 0 0 0 0 0 0 0 0 0 0
0 0 0 2 0 0 0 0 0 0 0 0 0 0 0 20 0 59 0 0 0 0 0 0 0 0 0 0 0 0 0 0 0 0 45 0 0 0 0 0 0 0 0 0 0 0 0 0 0 0 0 0 0 0 30 0 40 0 0 0 0 0 0 28 73 0 0 85 0 0 0 0 60 0 0
0 0 0 0 0 0 0 0 0 0 0 0 0 0 0 0 0 0 0 0 0 0 0 0 0 0 0 0 0 0 0 0 0 0 0 26 0 63 0 58 0 0 0 0 0 0 0 0 0 0 0 0 48 0 0 0 0 0 0 0 46 0 0 0 0 0 0 0 0 0 0 0 0 0 0
0 0 0 0 0 0 0 0 0 0 0 0 0 0 0 0 0 0 0 0 0 0 0 0 0 0 0 0 0 0 83 0 0 0 0 0 0 0 0 88 0 0 0 0 0 0 0 0 27 0 0 64 0 0 0 0 0 33 0 0 0 0 0 0 0 54 0 0 0 0 0 0 0 0 0
0 0 0 0 0 0 0 0 0 0 0 0 0 0 15 0 0 0 0 0 69 72 0 0 0 0 0 0 0 0 0 0 0 0 0 0 0 0 42 64 0 0 0 0 0 0 0 0 0 0 0 0 0 0 0 0 0 0 0 0 0 0 25 0 0 0 0 0 0 0 0 0 0 38 0
0 0 0 0 0 66 0 0 0 0 0 0 0 25 65 0 0 0 68 0 12 0 0 0 21 0 0 0 0 0 0 0 81 0 0 0 0 15 0 0 0 0 0 0 64 0 0 0 0 0 0 0 0 0 0 0 0 0 0 87 0 0 0 0 0 56 0 0 0 26 0 0 0 0 0
0 0 0 0 0 0 0 0 0 0 0 0 0 0 0 0 0 0 0 0 0 0 0 0 0 0 0 0 0 0 0 0 0 0 0 0 0 0 0 0 0 0 94 0 0 88 0 59 0 0 0 0 69 0 0 0 0 0 0 0 0 0 0 0 0 0 0 0 26 0 0 0 0 0 0
0 0 0 0 0 0 0 0 0 0 0 0 0 0 0 11 0 0 0 0 0 0 0 0 80 0 0 0 0 0 0 0 0 39 0 0 0 0 0 0 0 0 0 0 0 0 0 0 0 0 0 0 0 0 32 0 0 8 0 0 0 0 0 0 0 0 0 0 0 0 0 0 0 0 0
0 0 0 0 0 72 0 0 9 0 0 48 0 0 0 0 0 0 71 0 0 0 0 0 0 0 82 0 0 0 95 0 0 0 0 0 0 0 0 0 0 0 59 13 0 0 0 0 0 0 0 0 0 0 0 0 0 0 0 0 0 0 0 0 0 0 0 40 0 0 0 0 0 0 0
0 0 0 0 0 0 0 0 0 0 0 0 0 0 0 0 0 0 0 0 0 0 0 0 0 0 0 0 0 97 0 0 0 0 0 0 0 4 0 0 0 0 0 0 0 0 0 0 0 0 0 87 0 0 0 0 0 0 0 0 0 0 0 0 50 0 0 0 0 0 0 0 0 0 0
0 0 0 33 0 0 0 0 0 0 31 0 0 1 0 32 0 0 0 0 0 0 0 0 0 0 0 0 0 13 0 0 0 0 0 0 0 0 0 0 0 0 0 0 0 85 0 0 0 0 33 0 22 0 0 0 0 0 0 0 0 0 0 0 0 0 0 0 0 0 0 36 71 0 28
0 0 0 0 0 0 0 0 0 0 8 51 0 0 0 0 39 0 97 0 0 0 0 0 0 0 0 38 0 0 0 0 0 0 0 0 0 0 0 0 0 0 0 0 0 0 0 0 0 87 0 0 0 0 0 0 0 0 0 0 0 0 0 0 0 0 0 60 0 0 0 49 0 0 0
0 0 0 0 0 0 0 2 0 0 0 0 0 0 0 0 0 0 0 0 0 0 0 0 75 0 0 0 0 0 0 0 95 0 0 0 0 0 0 0 0 0 0 86 0 0 0 0 66 0 0 0 0 0 43 0 0 0 25 97 0 0 0 86 18 0 41 0 0 87 0 0 0 0 0
0 0 0 0 0 0 0 0 68 0 0 0 0 47 0 0 0 4 0 0 0 0 56 0 0 0 0 0 0 0 0 0 0 0 0 0 0 0 0 0 0 0 0 0 0 0 0 0 0 0 0 0 74 0 0 0 0 0 0 0 0 0 32 0 86 0 90 0 0 0 0 0 0 0 0
0 0 0 0 0 0 79 0 32 0 0 0 0 0 0 0 0 46 85 0 0 0 0 0 68 0 0 0 0 0 0 0 0 0 0 0 0 0 0 0 0 80 0 0 0 0 0 0 0 0 0 0 0 0 0 0 0 0 0 0 0 0 0 0 44 0 0 0 0 0 0 98 0 0 0
0 0 0 0 0 0 0 73 0 0 0 0 0 0 0 0 0 0 0 0 0 0 0 0 0 0 0 0 0 0 0 67 0 0 0 54 0 27 0 0 0 0 0 0 0 0 0 0 0 0 0 0 0 0 0 0 0 0 0 0 76 0 0 0 0 0 0 0 83 0 0 0 0 0 0
0 0 0 0 0 0 0 0 62 0 0 0 0 0 0 45 0 0 0 0 71 0 0 0 94 0 0 0 0 0 0 0 47 0 0 0 0 0 0 0 0 0 0 0 0 0 6 0 0 0 0 0 0 0 17 0 55 0 72 0 0 0 0 93 0 0 0 0 0 0 0 21 0 0 0
0 0 0 0 0 0 0 0 0 0 0 89 0 0 0 0 0 0 0 0 0 0 0 0 0 0 0 0 0 23 0 0 0 0 0 0 0 0 0 0 0 50 0 0 0 0 0 0 0 0 0 0 0 0 0 0 8 89 0 0 0 0 0 0 63 0 0 0 0 0 0 0 10 0 0
0 0 0 0 0 0 0 0 0 0 0 0 0 0 0 0 0 0 0 0 0 0 0 0 92 0 0 0 0 0 0 91 0 0 0 0 0 0 0 0 0 52 0 0 0 0 0 0 0 0 78 0 86 0 0 0 0 0 0 0 70 0 0 0 0 0 89 0 0 15 0 0 0 0 0
0 0 0 0 0 0 85 0 0 0 0 35 0 0 0 0 0 0 0 0 0 0 0 0 0 0 0 0 0 0 0 0 0 0 0 0 0 0 0 0 0 0 0 0 0 67 57 0 0 0 0 0 0 0 0 0 0 0 0 0 0 63 0 0 88 0 0 0 0 0 0 0 0 0 0
0 0 0 0 0 0 18 0 0 0 0 0 0 0 0 26 0 0 0 0 0 0 0 0 0 0 0 0 0 0 0 0 82 0 0 0 0 0 0 0 0 0 0 0 0 0 0 0 0 0 0 0 0 70 0 0 0 0 0 0 0 2 0 0 0 0 0 0 0 0 0 0 0 0 0
0 0 0 0 0 0 0 0 0 0 0 0 0 0 44 0 0 0 0 0 0 0 56 0 0 0 0 0 0 0 19 0 0 0 0 0 0 0 0 0 0 0 0 0 0 0 0 36 0 0 0 0 71 0 18 0 0 0 0 0 50 0 0 14 0 0 0 0 0 0 0 0 0 0 0
0 0 0 0 0 0 0 0 0 0 0 0 3 73 0 0 0 0 0 0 0 0 0 0 0 52 0 18 0 0 85 0 0 0 0 0 0 11 0 0 0 0 0 0 0 0 24 0 0 0 0 0 0 0 0 0 0 0 0 0 0 0 0 0 0 0 0 28 0 0 0 0 0 0 0
0 0 0 0 0 0 78 0 0 0 0 50 0 0 0 0 0 0 0 34 0 0 0 0 0 0 0 0 0 0 0 0 0 0 0 0 0 0 0 0 0 0 96 0 0 0 0 0 0 0 0 0 0 0 0 0 0 0 0 0 39 0 0 0 0 0 0 0 0 0 62 0 0 0 0
0 0 0 0 0 34 0 0 0 0 0 0 0 0 56 0 0 0 0 0 0 0 46 0 0 0 0 0 0 0 0 0 0 0 0 0 0 0 0 0 92 0 0 0 0 6 0 0 0 0 0 0 0 0 0 0 0 0 0 0 0 0 0 0 0 0 0 0 0 84 0 0 0 0 0
0 0 0 0 85 0 0 74 0 0 0 0 0 0 0 0 0 56 0 0 0 0 0 0 0 0 0 0 0 0 85 0 0 0 0 0 0 37 0 14 0 0 0 0 0 0 0 0 0 0 0 91 0 0 0 0 0 0 0 0 0 0 0 0 0 0 0 0 0 0 0 0 0 0 74
0 0 0 0 0 0 0 0 0 0 0 0 0 0 94 0 73 0 0 0 0 0 0 0 0 0 0 0 0 0 0 0 0 0 0 0 0 0 0 0 0 0 0 0 0 0 0 0 0 0 0 0 0 0 0 0 0 0 0 0 0 0 0 0 0 0 0 0 0 0 0 0 0 0 89
0 0 0 0 39 0 0 0 72 0 0 0 45 0 0 0 0 0 0 0 0 0 0 0 0 0 0 3 0 35 0 0 74 0 0 0 0 0 0 0 0 0 0 97 0 0 0 0 0 93 56 0 0 0 0 69 0 0 0 0 29 72 0 0 0 0 0 0 0 0 0 0 0 0 0
0 0 0 0 0 0 0 0 0 9 0 0 0 0 0 1 0 0 0 0 0 0 0 0 0 0 0 0 0 0 0 0 0 0 0 0 0 0 0 0 0 0 34 0 0 0 0 80 0 74 0 0 0 0 0 0 0 0 0 82 45 0 0 0 0 0 0 0 87 0 0 0 0 0 56
0 0 0 0 80 0 0 97 0 0 0 0 0 0 0 0 0 23 0 0 0 0 0 3 0 0 0 0 0 0 0 0 0 0 0 0 28 0 0 0 0 0 0 0 0 0 0 0 32 0 0 0 0 0 0 0 0 0 0 0 0 0 0 0 0 0 0 0 0 36 0 0 0 50 23
26 0 0 0 0 0 0 0 0 0 0 22 0 0 0 0 0 0 0 0 55 37 0 0 0 0 0 0 13 0 52 0 0 0 0 0 0 0 0 3 0 0 0 0 0 0 0 0 0 0 0 0 20 0 0 0 0 0 0 0 0 0 0 0 0 0 0 0 0 0 0 34 0 0 0
0 0 0 0 5 0 0 0 0 0 0 0 0 0 75 0 0 0 0 0 0 72 0 0 0 0 0 0 0 0 0 0 0 0 0 0 0 0 0 0 0 0 0 0 0 74 0 0 0 0 0 0 0 0 0 0 0 72 43 0 0 32 0 0 0 0 0 0 0 0 0 0 0 0 0
0 0 0 0 0 0 0 12 0 0 0 0 0 0 0 5 0 0 0 0 0 0 0 0 0 0 0 0 0 0 0 31 0 0 2 13 0 0 0 0 0 0 0 0 0 0 0 0 0 0 79 0 0 0 46 0 0 0 58 0 0 0 0 3 0 0 0 0 0 82 68 0 0 0 0
0 0 0 0 0 0 0 0 66 73 0 0 0 15 0 0 0 0 0 0 0 0 0 0 0 0 0 0 0 0 0 0 0 18 0 94 0 0 0 0 58 0 0 0 0 0 17 69 0 0 0 0 97 0 0 0 0 0 0 0 0 95 0 0 0 0 0 0 0 0 0 0 0 0 0