0 0 52 0 0 51 0 0 67 0 0 0 0 0 0 0 0 0 0 0 0 0 0 0 29 0 0 0 51 0 0 98 0 0 0 84 75 0 0 0 0 0 0 0 0 0 0 29 0 0 66 21 0 0 0 0 0 39 0 0 0 0 0 0 0 0 0 0 0 0 0 0 0 0 0 0 0 52 0 20 0 0 0 0 0 0 0 0 0 0 0 0 0 0 63 0 0 0 0 0 65 0 0 0 0 0 0 0 0 0 0 0 0 0 0 0 0 0 30 0 0 0 0 0 47 0 0 0 0 0 0 0 0 0 25 0 0 0 0 0 0 0 0 0 0 0 0 38 0 0
0 0 0 0 0 0 0 0 0 0 0 0 0 0 0 0 0 0 0 83 73 0 0 0 0 0 0 0 0 0 0 0 0 0 0 65 0 0 0 0 0 0 0 0 0 0 0 0 0 0 0 0 0 0 0 36 0 0 0 0 0 66 0 24 0 0 0 0 0 0 0 0 28 0 0 0 0 0 0 0 5 0 0 0 29 0 0 0 0 0 14 0 0 0 0 0 0 0 0 0 0 0 0 0 0 0 0 0 0 0 0 0 0 0 0 0 0 0 0 0 0 0 0 13 0 0 0 98 0 9 0 0 0 0 0 21 0 0 0 12 0 0 0 0 0 0 0 0 0 0
60 0 0 0 0 0 0 0 0 58 0 0 0 0 0 0 0 0 0 0 0 0 0 0 0 0 0 43 0 94 5 0 0 0 0 0 0 0 0 0 0 0 0 50 57 0 0 61 0 0 0 0 0 0 0 0 0 0 0 68 0 0 0 0 97 0 0 0 0 0 0 0 0 0 84 0 0 0 0 0 0 10 0 0 0 0 58 0 0 0 0 0 0 58 0 0 67 3 0 32 0 43 0 0 0 0 0 0 0 0 41 0 0 0 0 0 0 0 0 0 0 0 0 0 0 0 0 0 36 0 0 0 0 0 0 0 0 0 0 0 0 0 0 0 0 0 0 0 0 0
0 0 0 0 0 0 0 0 74 0 0 0 0 0 0 35 0 0 0 0 0 0 0 0 0 75 0 0 0 0 0 0 0 0 0 97 0 0 0 0 0 40 0 0 0 0 0 0 0 0 0 0 0 0 0 0 0 0 0 0 0 36 0 0 0 0 0 0 0 31 0 93 70 0 0 0 0 0 0 0 0 0 0 0 0 0 0 0 71 0 4 0 0 0 0 0 0 0 0 0 0 0 0 0 0 0 0 0 0 0 0 44 0 0 0 0 0 35 0 0 0 87 0 0 0 0 0 45 54 0 0 0 0 0 0 0 0 0 0 0 0 0 0 0 31 0 0 0 80 0
0 0 0 0 0 0 0 0 0 0 0 0 0 30 0 0 0 0 0 19 0 0 0 0 0 0 0 0 0 0 0 0 0 1 0 0 0 0 10 11 0 0 0 0 0 0 0 0 0 0 0 0 91 3 0 61 0 0 0 0 0 0 0 0 0 0 0 0 0 0 0 0 0 0 0 0 0 0 0 0 0 0 0 0 0 0 0 4 0 0 0 0 0 0 0 81 0 0 0 0 0 0 0 0 0 0 82 0 0 0 0 0 0 27 0 0 0 0 61 0 0 0 0 0 0 0 0 0 0 0 30 0 0 0 21 21 0 0 0 0 0 0 0 0 0 0 0 16 56 0
0 0 0 0 0 0 0 0 0 0 0 0 0 0 77 0 0 0 0 0 0 0 0 0 0 0 9 0 0 0 0 0 0 0 56 0 0 0 0 0 0 0 0 0 0 0 0 0 0 0 0 0 0 0 0 0 0 55 93 0 0 0 0 0 0 0 0 0 0 0 0 0 73 0 0 0 0 0 0 0 0 0 53 0 0 0 0 0 0 0 0 0 0 0 0 0 0 0 0 0 0 0 0 0 0 0 0 0 0 38 0 0 0 0 0 0 0 0 0 88 0 0 0 0 0 0 0 0 78 0 0 0 0 0 0 0 91 0 0 0 0 0 0 0 0 0 0 0 0 0
0 94 0 0 0 0 0 0 0 59 0 0 0 0 0 0 0 0 0 0 0 0 0 0 0 0 0 0 0 0 0 0 0 0 0 0 0 0 0 0 0 0 0 0 0 0 0 71 0 0 0 0 68 0 44 0 0 0 0 0 0 0 0 0 0 0 0 0 0 0 0 0 0 0 0 0 0 0 0 0 0 0 0 5 0 0 0 0 0 0 0 0 0 0 0 0 11 0 0 0 0 0 0 0 0 0 0 0 83 0 0 0 0 0 0 0 0 0 0 0 0 0 0 0 31 0 24 0 0 0 0 0 0 20 0 0 0 0 0 0 0 0 0 0 0 0 0 0 0 0
66 0 0 0 0 0 0 0 0 0 0 0 0 0 0 0 0 0 0 0 0 0 0 0 0 0 0 0 0 0 0 0 0 0 0 22 0 0 0 0 0 0 0 0 0 0 73 0 0 0 0 0 0 0 0 0 0 0 0 0 0 0 0 0 0 0 0 0 0 0 0 0 0 84 0 27 0 0 0 0 0 0 0 0 0 33 0 0 0 0 0 0 0 0 0 0 0 0 0 0 0 0 0 0 0 0 0 0 0 0 0 57 48 0 0 0 0 0 0 0 0 0 92 0 0 0 0 0 0 0 0 0 0 0 0 0 0 0 0 0 55 0 0 7 0 0 0 0 64 0
0 0 0 0 0 0 0 0 0 0 0 72 0 0 0 0 0 0 0 0 0 0 0 0 0 0 0 0 0 0 0 67 0 0 0 28 0 0 0 0 0 47 0 0 96 0 0 0 0 0 0 0 0 0 0 0 0 0 0 0 0 0 0 0 0 0 0 0 0 0 0 0 0 0 92 31 0 0 0 0 0 0 0 0 0 0 0 0 0 0 0 0 46 0 0 0 68 0 0 0 0 0 0 0 0 0 0 0 0 0 0 0 0 0 0 0 93 0 0 0 8 0 0 0 0 0 0 0 0 0 0 68 0 0 0 0 0 0 0 0 7 0 0 0 0 0 74 18 0 0
0 0 0 0 0 0 62 0 0 0 0 0 0 0 0 0 0 0 0 0 0 0 43 33 0 0 0 0 0 0 0 0 0 0 0 0 0 0 0 0 0 0 0 0 0 0 0 0 0 0 0 0 0 0 0 0 0 0 0 0 0 0 0 0 0 0 0 0 0 0 0 0 0 0 0 0 0 0 0 0 0 0 0 0 0 0 0 0 0 0 0 0 0 18 43 0 0 0 0 0 0 0 72 0 0 0 0 0 0 0 0 0 0 0 0 0 0 0 0 23 0 0 0 0 0 61 0 0 0 94 0 0 0 0 0 0 0 0 0 0 0 60 0 0 0 0 0 0 0 0
0 0 0 0 0 0 0 0 0 0 0 0 0 0 0 0 0 0 0 0 0 0 0 0 0 0 0 0 0 0 0 0 0 0 0 0 96 0 0 0 0 0 80 0 0 0 0 0 0 0 0 0 0 0 0 0 0 0 0 0 0 0 0 0 0 0 0 0 0 0 83 0 0 0 0 0 0 0 0 0 0 0 0 0 0 0 0 0 0 0 0 0 0 0 0 0 0 0 0 96 0 0 0 0 0 0 0 0 0 0 0 0 0 0 0 0 0 0 0 0 0 0 0 0 0 0 0 37 0 0 0 0 0 53 0 0 0 0 0 0 0 63 0 0 0 0 0 0 0 0
0 22 0 0 0 0 0 0 0 0 0 0 0 0 0 0 0 0 0 0 0 0 0 0 0 0 0 0 0 0 28 12 0 0 0 0 0 0 0 0 0 0 0 0 0 98 0 0 0 0 0 0 0 0 0 0 0 0 0 0 0 0 0 0 0 0 0 0 0 0 0 0 0 0 0 0 0 35 0 0 0 36 0 0 0 0 0 0 0 0 0 0 0 0 0 0 0 0 0 0 0 90 0 0 0 0 0 0 0 0 0 0 0 0 0 96 0 0 0 0 0 0 0 0 0 0 0 0 0 0 0 0 0 45 0 0 0 0 0 0 0 0 72 0 0 0 0 0 0 0
0 0 0 0 0 0 0 0 60 0 0 44 0 0 0 0 0 0 0 0 0 0 48 37 0 0 48 0 0 0 0 0 0 0 0 0 0 0 0 0 0 0 0 0 0 0 0 45 0 0 0 0 0 0 0 0 0 0 0 0 0 0 0 0 0 0 0 0 0 96 0 0 0 0 0 0 0 39 0 0 0 76 0 92 0 0 0 0 81 0 0 0 0 0 0 0 0 0 0 0 0 19 0 0 0 0 0 0 0 0 0 0 0 64 0 0 0 0 0 0 0 0 0 0 0 0 0 0 0 0 0 0 0 0 0 0 0 0 0 64 0 0 0 26 0 0 0 0 0 0
0 29 0 0 0 0 28 0 0 0 0 0 0 0 22 0 0 30 0 0 0 0 0 38 0 0 0 0 0 0 0 0 0 0 0 0 0 0 0 43 0 0 0 0 0 0 0 0 0 0 0 0 0 0 0 0 0 0 0 0 0 40 0 0 5 0 0 0 20 0 0 0 0 0 0 0 0 0 0 0 0 0 0 81 0 0 0 0 0 0 0 0 0 0 0 0 0 0 0 0 0 0 0 0 0 0 0 0 0 0 48 0 0 0 0 0 0 0 0 0 0 0 0 0 86 0 0 0 0 0 18 0 0 0 0 0 0 0 0 0 0 0 0 20 0 0 0 0 0 0
26 0 0 0 0 0 0 0 0 0 0 0 0 0 0 0 0 0 0 0 0 0 0 0 0 0 0 74 0 0 0 0 0 0 0 0 0 0 0 0 0 0 0 0 0 0 0 0 0 0 0 0 0 0 0 0 0 0 0 0 0 0 0 0 0 85 0 0 0 0 27 0 0 0 0 0 0 0 0 0 0 0 0 0 0 0 64 0 0 0 0 0 0 64 0 0 11 0 0 0 0 0 0 83 0 73 5 0 30 0 0 0 0 0 0 0 0 0 0 0 0 0 0 0 0 0 59 0 0 0 0 0 0 0 0 0 37 0 85 0 56 0 0 0 0 0 0 78 0 0
0 0 0 0 0 0 0 0 0 0 0 83 0 0 0 21 17 0 0 0 0 0 0 0 0 0 16 0 0 0 0 0 75 0 0 0 0 0 0 0 0 0 0 0 35 0 0 73 0 0 0 0 73 0 0 0 0 0 0 0 0 0 0 0 0 0 0 0 0 0 0 0 0 0 0 0 0 0 0 0 90 0 0 0 0 0 0 0 0 0 0 0 0 0 0 0 0 0 0 0 0 0 0 0 0 72 43 0 25 0 0 0 0 0 0 0 0 0 0 0 0 0 0 0 0 0 0 0 0 0 0 0 0 0 0 0 0 0 0 0 16 0 0 0 76 0 0 0 98 0
0 0 0 0 0 0 34 0 0 0 0 0 0 0 0 0 43 29 0 0 0 0 0 0 0 0 0 0 0 0 0 0 0 0 0 0 0 0 0 0 0 0 0 0 0 0 0 0 0 0 0 0 0 0 0 0 0 74 0 0 0 0 0 0 0 0 0 0 0 0 0 0 0 0 0 0 0 54 0 0 0 0 0 0 0 0 0 0 0 0 0 0 0 0 0 12 42 0 77 0 0 0 0 0 0 0 19 0 0 70 0 0 0 0 0 0 0 0 2 0 0 0 0 0 0 0 0 0 0 0 70 0 0 79 0 0 0 0 0 0 0 0 0 0 0 0 0 0 0 0
0 0 0 67 0 0 0 0 0 0 0 0 0 0 15 0 0 0 0 0 4 0 70 0 0 0 0 0 0 0 0 0 0 0 0 0 0 0 0 0 0 33 8 0 0 0 43 0 0 0 0 0 0 0 0 0 0 0 0 0 0 0 0 0 0 0 0 0 0 0 0 0 0 0 0 0 57 0 0 0 0 0 0 50 0 0 0 0 2 0 0 0 0 0 0 0 0 0 0 0 0 0 0 0 0 63 0 0 0 0 0 0 0 0 0 0 0 0 98 0 0 0 0 0 0 0 0 0 0 0 0 0 0 0 0 0 0 0 0 0 16 0 0 0 32 42 69 0 0 0
0 0 0 0 0 0 0 0 0 0 27 0 0 0 0 0 0 0 0 0 0 0 0 32 0 0 0 0 0 0 0 0 0 0 0 0 0 0 0 0 0 0 0 0 0 0 0 0 0 0 0 0 20 0 0 0 0 75 0 0 0 0 18 0 0 0 0 0 0 0 0 0 0 0 0 0 0 0 0 0 0 63 0 0 0 0 0 0 0 0 0 0 0 0 0 0 0 0 0 0 0 0 0 0 61 0 0 72 0 0 0 0 0 0 0 0 0 0 0 90 0 0 0 0 0 0 0 0 0 0 0 0 0 0 0 0 0 0 0 76 0 0 0 0 0 0 0 13 0 0
0 0 0 0 0 0 0 10 0 0 0 0 0 0 0 0 0 0 0 0 13 0 0 0 0 0 0 0 0 0 0 0 0 0 0 0 0 0 0 0 0 0 0 30 0 0 0 0 0 0 0 0 35 0 0 12 0 0 0 0 0 0 56 0 34 0 0 0 0 0 30 0 0 0 0 14 0 0 57 0 0 0 68 70 0 0 0 0 0 0 0 0 0 90 0 0 0 0 0 0 0 0 0 0 0 0 0 0 0 0 3 0 0 0 0 0 0 0 0 0 97 0 0 0 0 0 0 0 0 0 0 0 0 37 0 0 0 0 0 0 59 0 0 0 0 0 25 28 13 0
0 0 0 0 0 0 0 0 0 0 0 0 0 0 0 0 0 0 0 0 0 0 0 65 0 0 0 0 0 79 0 0 0 0 0 0 0 0 0 0 0 0 0 94 0 0 0 0 0 0 0 0 0 10 0 0 0 0 0 0 0 0 0 0 0 0 0 0 57 68 76 0 0 0 0 0 0 0 0 0 0 0 0 0 0 0 0 0 0 0 0 0 0 0 0 0 0 0 0 0 58 7 0 0 36 0 0 0 53 0 0 0 0 0 0 0 0 0 0 0 0 0 0 0 0 0 0 0 0 0 0 0 0 0 0 0 0 69 0 0 0 0 0 0 0 0 0 0 0 0
0 0 0 0 0 0 0 0 0 0 0 0 0 0 0 0 0 0 0 0 0 0 0 0 0 0 0 0 0 0 0 0 0 0 0 0 29 0 0 0 0 0 0 67 0 0 0 0 0 0 23 0 0 0 0 0 0 39 0 0 0 0 0 0 0 0 0 0 0 18 0 0 0 0 0 0 0 0 0 0 0 0 0 0 0 0 0 40 0 0 0 0 0 0 0 0 0 0 0 0 0 0 0 0 0 38 0 0 0 0 0 0 0 0 0 0 0 0 0 0 0 0 0 0 0 0 0 53 0 0 0 0 0 0 0 0 0 0 0 0 81 0 0 0 79 0 0 0 0 0
0 0 0 0 0 0 0 0 0 0 0 0 0 0 0 36 0 0 39 0 0 0 0 0 0 0 1 0 32 0 0 0 0 0 0 0 0 0 0 0 0 0 0 0 0 0 0 0 0 0 0 0 0 0 0 0 0 0 0 0 0 0 0 0 0 0 76 0 0 0 0 0 11 0 0 0 0 0 0 37 0 0 0 0 0 0 0 15 0 0 0 71 0 0 0 0 0 0 0 0 0 0 0 0 0 0 0 0 0 0 0 0 0 0 0 0 0 0 0 0 0 0 0 0 0 0 0 0 0 0 0 0 0 0 0 0 0 0 0 58 0 0 0 0 0 81 0 0 0 0
0 86 0 0 0 0 0 0 0 0 0 0 0 0 0 0 0 37 0 0 0 0 0 0 0 0 0 0 0 0 0 0 0 0 0 0 0 0 0 0 0 0 0 0 0 0 0 0 0 0 0 0 0 0 0 8 72 0 0 0 0 0 89 0 27 10 0 0 0 0 0 0 0 0 0 0 0 0 0 0 0 0 0 0 0 0 0 0 0 0 0 0 0 0 0 0 60 0 0 0 0 0 0 0 0 0 0 0 0 56 0 82 0 0 0 0 0 0 0 0 0 0 0 0 0 0 0 0 0 0 0 0 0 0 0 0 0 0 98 0 0 46 0 76 0 0 0 0 0 0
0 0 0 0 0 0 0 0 0 0 0 0 0 0 0 0 0 0 0 0 0 47 86 0 50 0 0 0 29 0 0 0 0 0 0 0 0 0 0 0 0 0 31 0 0 0 0 0 0 69 0 0 0 0 0 0 0 0 0 0 0 0 0 0 0 0 0 0 32 0 0 0 0 0 0 0 0 17 0 0 0 0 0 0 0 0 0 0 0 0 0 0 0 0 0 0 0 0 0 0 0 0 0 0 0 0 0 86 0 0 0 0 0 0 0 0 0 0 0 0 0 0 0 0 0 38 0 0 0 0 0 0 0 0 0 0 0 0 0 0 10 94 0 0 0 0 0 0 61 36
0 0 0 0 0 0 0 0 0 0 0 37 0 0 4 0 0 22 0 0 0 0 0 0 0 0 0 0 0 0 65 0 0 27 0 0 0 0 0 0 0 0 0 0 0 0 0 0 0 0 0 0 0 0 0 0 0 0 0 0 0 0 0 0 0 0 0 0 0 0 0 0 0 0 0 0 0 0 0 0 0 0 0 0 0 0 0 0 0 0 0 0 0 0 0 0 0 0 0 0 27 0 24 0 0 80 0 55 0 0 0 0 0 0 0 0 0 0 0 0 0 66 0 0 0 0 0 0 0 0 0 0 0 0 62 0 0 0 0 0 0 0 0 0 0 0 0 82 0 0
0 0 0 0 0 0 0 0 0 0 0 85 0 36 0 0 0 0 0 0 0 0 0 0 0 0 0 0 0 0 51 43 0 0 0 0 0 0 0 0 0 0 0 0 0 0 0 0 0 0 0 0 0 0 0 84 0 0 0 0 0 0 0 91 0 0 0 0 0 0 0 0 0 0 0 0 0 0 83 0 0 75 0 0 0 0 0 0 0 0 0 0 0 0 0 0 0 0 0 0 0 0 0 0 0 0 0 0 0 0 0 0 0 0 0 0 29 0 28 0 0 0 0 81 0 0 0 52 0 0 0 0 0 67 0 0 0 0 0 0 0 0 0 0 96 0 0 0 0 0
52 0 84 0 0 0 0 0 0 0 0 0 0 61 0 0 0 0 0 0 0 0 0 0 0 0 0 0 0 0 0 0 0 0 0 0 45 0 0 0 69 0 0 0 78 3 0 0 0 0 0 0 0 0 0 0 0 0 0 0 0 0 0 0 0 0 0 0 0 0 0 0 0 0 0 0 0 0 0 0 0 0 0 0 0 0 0 0 0 0 0 0 0 0 60 63 44 0 0 0 0 0 0 0 0 0 0 0 0 0 0 9 0 0 0 0 0 62 0 0 0 0 0 0 88 0 0 0 0 0 0 6 0 0 0 30 0 0 33 0 0 0 0 0 0 0 0 94 0 0
0 0 0 0 0 56 0 52 0 0 0 0 0 0 0 0 0 0 0 0 0 0 0 0 0 0 0 0 0 0 0 21 80 0 0 0 0 0 0 0 0 0 86 0 0 0 0 0 0 0 0 0 0 0 0 0 0 0 0 0 0 52 0 0 0 24 0 0 0 0 0 0 49 0 0 0 0 0 0 0 0 65 0 0 0 0 0 0 0 0 0 0 0 0 0 0 0 0 0 0 0 0 0 0 0 0 0 80 0 0 0 0 0 0 0 0 0 7 0 47 0 0 0 0 0 3 0 0 0 0 0 0 0 0 0 68 0 0 0 0 0 0 0 0 0 0 0 0 0 0
0 0 0 0 0 0 0 76 0 92 84 0 0 0 0 37 0 0 0 0 0 0 0 22 0 0 0 0 82 0 0 0 0 0 0 0 0 0 0 64 0 0 30 0 0 0 0 0 45 0 0 0 0 0 0 0 0 0 0 0 0 0 0 0 0 0 4 0 0 0 15 30 0 0 0 0 0 0 0 0 0 0 0 0 22 0 0 0 0 0 0 10 0 0 0 0 0 0 0 17 0 0 0 0 0 0 0 0 41 0 0 0 29 80 0 0 0 0 0 0 0 0 0 0 0 0 0 0 0 0 89 0 0 65 0 0 0 0 0 0 0 0 0 0 0 0 0 0 0 0
0 0 0 0 0 0 0 0 0 0 0 0 0 0 0 0 0 0 0 0 0 0 0 0 0 76 0 0 0 0 0 0 0 0 0 0 0 0 0 0 0 0 0 0 0 31 0 0 0 0 0 0 0 0 0 97 0 0 0 0 0 0 0 0 0 0 0 0 0 0 0 0 45 0 98 0 0 0 0 0 0 0 0 0 49 0 0 0 0 0 0 0 0 0 0 0 32 35 0 0 0 0 0 0 53 0 0 38 0 0 0 0 0 0 0 0 0 0 0 0 0 0 0 0 0 22 0 0 0 30 0 0 0 0 0 0 0 0 0 0 0 0 0 0 0 0 0 0 0 0
0 6 0 0 0 0 0 0 0 0 0 0 86 0 0 0 0 0 0 0 0 0 0 0 0 0 0 0 0 0 0 0 0 0 0 0 0 0 0 0 0 0 0 0 0 0 0 0 0 88 17 0 0 0 0 0 83 0 0 0 0 0 0 0 0 37 0 0 47 0 0 0 0 0 0 0 0 0 0 0 0 0 0 0 0 0 0 0 0 0 0 35 0 0 0 0 0 0 0 0 0 0 0 33 0 0 0 0 0 14 0 95 0 0 0 0 0 8 0 0 0 0 0 0 0 0 0 0 0 0 0 0 0 0 0 0 0 0 0 0 0 0 0 0 0 0 0 0 0 62
1 23 0 0 0 0 0 0 0 0 0 0 0 0 0 0 0 0 0 0 0 0 0 0 0 0 0 0 0 0 0 84 0 0 0 0 0 0 0 0 0 0 0 58 0 78 0 0 0 0 0 0 0 0 0 0 0 0 0 0 0 0 26 0 0 0 0 0 0 0 64 0 0 0 0 0 0 0 40 0 0 0 0 0 0 0 0 0 0 0 0 0 0 0 0 0 0 0 0 0 0 0 0 0 56 0 0 0 0 0 0 0 0 0 0 0 0 46 0 0 0 78 0 0 0 0 0 0 0 0 0 0 0 0 0 0 0 0 0 97 0 0 0 0 0 17 0 0 0 19
0 0 0 0 74 94 0 0 0 0 0 0 0 0 0 0 0 0 0 0 0 0 88 0 0 16 0 41 0 0 0 0 52 0 95 59 0 0 0 0 0 0 0 0 0 0 0 0 0 0 0 0 0 0 90 0 0 0 64 0 0 0 70 0 0 0 0 14 0 0 0 0 0 0 0 0 0 72 0 0 0 0 0 0 0 0 0 0 0 0 0 0 0 0 0 0 0 0 0 0 0 0 0 0 0 10 0 0 0 0 29 0 59 0 0 0 0 0 0 0 0 0 0 0 0 0 0 0 0 0 0 0 0 0 0 0 0 0 0 0 0 0 39 65 0 0 0 0 0 0
0 0 0 0 0 0 0 0 0 0 0 0 39 0 0 0 0 0 0 0 0 0 0 0 0 0 0 0 0 0 0 0 0 0 0 0 0 0 0 0 0 0 35 0 0 0 0 0 38 0 0 0 0 0 0 0 39 0 52 60 0 0 0 0 0 0 0 0 0 0 0 0 0 6 0 0 0 0 0 0 0 0 0 0 0 0 0 0 0 0 0 74 0 0 0 0 0 0 8 55 0 0 0 0 0 0 0 0 0 0 0 0 0 0 0 0 0 0 0 0 0 0 0 0 0 0 3 0 0 6 0 17 0 0 0 0 37 0 0 0 0 0 0 0 0 57 0 0 0 11
0 0 0 0 0 0 0 0 0 0 0 0 0 0 0 0 0 0 0 0 0 0 92 0 0 0 0 0 0 0 0 6 0 59 0 0 0 0 0 0 71 12 0 0 0 0 0 0 0 0 0 0 12 0 0 0 0 93 0 0 0 0 0 0 0 0 0 0 0 0 0 0 0 0 0 0 98 0 0 0 0 0 0 0 0 65 0 0 0 43 0 0 0 0 0 47 34 0 68 0 0 0 0 0 0 62 0 0 0 0 13 65 0 47 0 0 0 0 0 0 61 0 0 0 0 0 0 0 12 0 0 0 0 0 0 0 0 0 0 0 0 80 0 0 0 0 0 29 0 0
0 90 0 0 0 0 0 0 0 0 0 0 0 0 0 0 0 0 48 0 0 0 0 0 0 0 0 4 0 0 0 0 0 0 0 0 0 0 33 0 0 0 0 0 0 0 0 0 0 0 0 0 0 0 0 0 0 0 0 0 0 0 0 83 0 0 0 0 0 0 0 0 0 49 0 82 0 0 0 0 0 0 0 0 0 0 0 0 0 0 91 0 0 0 0 0 0 0 0 0 0 0 0 0 0 0 59 17 0 0 0 76 0 0 0 0 0 0 0 0 44 5 34 0 0 0 44 0 0 0 0 0 0 0 0 0 62 0 0 0 0 0 0 0 0 84 0 0 0 0
22 0 0 0 0 0 0 0 0 0 0 0 0 0 0 23 0 0 7 0 0 75 0 0 0 0 0 0 0 28 0 0 0 0 0 1 0 0 0 0 0 93 0 0 0 0 0 0 0 0 0 0 0 0 47 0 0 0 0 0 0 0 0 0 0 0 0 0 0 0 0 0 0 0 0 0 0 0 0 0 0 0 0 40 0 53 0 0 0 0 0 0 0 0 0 0 98 0 0 0 0 0 86 0 0 0 0 73 0 0 0 0 0 0 0 0 0 0 0 0 0 0 0 0 0 0 0 0 0 0 0 0 0 0 0 68 0 0 0 0 0 0 0 0 0 0 0 0 0 0
0 36 0 0 0 0 0 0 0 0 0 0 0 0 0 0 0 0 0 0 0 0 0 0 52 0 0 0 0 0 0 0 0 0 0 74 0 23 0 0 0 0 0 0 0 0 47 0 0 0 0 0 97 0 0 45 0 0 0 0 0 0 0 46 0 0 0 0 0 0 0 0 0 0 0 0 0 0 36 0 0 0 0 95 0 76 0 0 0 0 0 0 0 0 0 0 0 0 0 0 0 0 0 0 0 0 0 0 0 95 0 0 6 0 0 0 0 0 0 0 0 0 0 0 0 68 0 0 0 0 0 0 0 0 80 0 0 0 0 0 0 0 0 0 0 0 0 0 0 0
0 0 0 49 0 0 0 0 0 0 22 0 0 0 0 0 0 0 0 0 76 80 0 0 0 0 0 0 0 0 0 80 0 0 0 54 59 0 0 0 0 0 0 0 82 0 0 0 0 0 67 0 45 0 0 0 0 0 0 0 72 0 0 0 0 0 0 0 0 0 0 0 0 0 0 0 0 0 0 0 0 0 0 0 0 0 3 0 0 38 0 0 0 0 0 0 0 0 63 0 0 0 0 0 0 0 0 0 0 0 0 0 0 0 57 0 0 0 0 0 0 39 0 0 0 0 0 0 70 0 0 0 0 0 0 0 0 0 0 0 0 0 0 37 0 0 0 0 0 7
0 0 0 0 0 0 0 0 0 0 0 0 0 0 0 0 0 0 0 0 0 0 0 92 0 0 61 0 0 0 0 0 0 0 0 0 0 0 0 0 0 0 0 0 0 0 0 0 63 0 0 0 0 0 0 0 0 0 0 0 26 0 0 0 0 0 0 0 0 30 0 0 0 0 0 0 0 0 42 0 0 0 0 0 0 0 97 0 0 0 0 0 0 0 0 0 0 0 0 0 0 0 95 0 0 0 0 0 0 0 0 0 0 0 0 0 0 0 0 0 0 0 0 0 0 0 0 0 0 0 0 0 0 0 0 0 0 0 0 0 0 0 0 0 0 0 0 0 0 38
0 0 76 0 0 0 49 0 0 0 0 0 0 0 0 0 0 0 0 0 0 0 0 0 0 0 0 0 0 0 0 0 0 0 0 0 0 0 0 0 0 0 0 0 15 0 0 0 0 0 0 0 0 0 0 0 0 0 0 0 0 0 0 0 0 0 68 0 0 0 0 0 0 26 0 0 0 0 0 0 0 0 0 0 0 0 0 0 0 0 0 0 0 0 0 0 0 0 0 0 15 0 0 0 5 0 0 0 0 0 0 21 24 43 0 0 0 0 0 0 0 0 0 0 0 49 70 0 0 0 0 0 0 0 0 0 0 44 0 0 0 0 0 0 0 0 46 0 0 0
0 0 87 0 0 0 0 0 0 0 0 0 0 0 0 21 0 0 0 0 0 0 0 0 0 67 0 0 0 0 0 0 0 0 0 0 0 0 0 0 0 0 0 0 0 0 0 24 0 0 0 0 0 0 0 96 0 0 0 0 0 0 0 0 0 0 0 0 0 0 0 0 0 0 10 0 0 0 0 0 0 1 0 0 0 0 0 0 0 0 0 0 0 0 0 0 0 0 0 0 0 0 0 0 0 0 0 0 0 0 0 0 0 0 0 91 0 64 0 0 0 0 0 0 0 38 0 0 0 0 0 0 0 25 0 0 0 0 0 0 0 0 0 0 0 0 0 0 0 0
0 0 0 0 0 38 0 0 0 0 0 0 49 0 0 0 0 0 0 0 0 0 0 0 0 0 0 0 0 0 0 0 76 0 0 0 0 0 0 0 0 0 0 0 0 96 0 0 0 0 0 8 0 0 0 0 0 0 0 0 0 0 0 0 0 0 0 0 0 0 0 0 0 0 0 0 0 0 0 12 79 0 67 0 0 52 0 53 0 0 0 0 0 0 0 0 0 0 0 89 0 0 0 0 0 0 0 0 0 0 0 0 0 0 0 0 0 0 0 0 0 0 0 65 0 0 83 0 0 0 0 0 0 0 0 0 0 0 0 0 0 0 0 49 0 0 0 0 0 0
0 0 0 0 0 0 72 0 47 38 0 75 0 0 0 0 15 0 0 0 0 0 0 0 0 0 0 0 0 0 0 0 0 0 0 0 0 0 0 0 0 0 0 0 0 31 0 0 0 52 34 0 0 0 0 0 0 80 0 27 0 0 0 94 0 0 0 0 0 0 0 0 0 0 0 0 0 33 0 0 0 0 0 0 0 0 74 0 0 22 0 0 0 0 0 0 0 0 0 0 0 0 0 0 0 87 23 0 0 0 0 0 0 0 0 0 0 0 0 0 54 96 64 0 0 0 0 0 0 0 0 0 0 0 86 0 0 0 0 0 0 0 0 0 0 0 0 2 0 0
0 0 0 0 0 0 0 0 0 0 0 0 0 0 0 15 0 0 0 0 0 0 0 0 0 34 0 0 0 0 0 0 94 0 62 0 0 0 0 0 0 0 9 0 0 0 0 0 0 0 35 0 0 37 0 0 0 0 0 0 52 0 0 0 0 0 0 0 0 42 0 0 0 0 0 0 0 0 79 0 0 49 0 84 0 0 0 0 0 0 0 0 0 8 95 0 0 0 0 0 0 0 0 0 92 0 0 0 0 0 0 0 0 72 0 0 0 0 0 0 0 0 0 0 0 0 69 0 0 0 0 43 0 0 0 0 0 0 0 0 0 0 0 0 23 0 0 0 0 0
0 0 0 0 0 0 0 0 0 0 0 0 0 0 0 0 35 0 0 0 0 0 0 0 0 7 0 0 0 0 0 0 0 0 0 0 40 0 0 0 0 0 0 17 0 0 0 0 0 0 0 0 0 0 0 45 0 0 0 75 0 0 0 0 0 0 0 0 0 0 85 0 0 73 0 84 36 0 0 0 0 0 0 0 66 0 0 0 75 0 0 0 0 32 0 0 0 0 0 0 0 70 11 0 39 0 0 0 0 0 0 0 0 0 0 0 0 0 0 0 0 0 0 65 0 0 0 0 0 0 0 0 0 0 0 0 0 0 0 0 38 0 0 51 0 0 0 0 0 0
0 0 0 0 0 0 0 0 0 0 0 0 0 0 0 0 0 0 0 0 0 0 0 0 0 0 0 0 0 0 72 0 0 0 25 0 0 0 75 7 49 54 0 0 0 84 0 54 0 0 0 52 0 0 97 0 72 0 0 0 0 0 0 0 0 0 0 0 0 0 0 0 0 0 86 0 0 0 0 0 0 0 0 0 0 8 0 0 0 0 0 0 0 0 0 0 0 0 0 0 0 0 0 63 0 0 0 0 0 0 0 0 0 73 0 0 0 0 0 0 0 0 0 0 0 0 0 0 0 0 0 0 0 0 0 0 0 0 0 0 0 0 0 0 0 0 0 0 0 0
0 0 0 0 0 0 0 0 35 0 0 0 0 34 0 0 0 0 0 0 0 0 0 0 0 0 0 0 0 96 0 0 0 0 0 0 44 0 0 0 0 0 0 0 0 0 0 0 0 0 0 0 0 0 0 0 0 0 19 0 0 0 0 0 0 0 0 0 0 0 0 0 0 0 0 0 0 0 0 0 62 0 0 0 68 0 0 0 82 0 0 0 0 0 0 46 0 87 0 0 0 0 0 37 0 85 92 0 0 0 0 0 77 0 0 0 0 0 0 20 0 0 0 0 0 74 0 0 0 0 0 0 0 0 0 32 0 0 0 0 0 0 0 0 7 0 0 0 0 0
0 50 0 0 0 3 0 0 0 0 0 0 0 16 0 0 9 18 0 0 0 0 0 0 0 0 0 0 0 0 0 0 0 0 0 77 0 0 0 0 0 0 0 0 0 0 0 0 0 0 0 0 0 0 0 0 0 0 0 0 0 0 0 0 0 0 0 0 0 0 0 0 0 0 0 0 0 0 0 0 0 0 0 0 0 0 43 0 0 0 3 0 0 0 0 0 0 0 0 0 0 0 0 0 0 0 0 0 77 0 0 0 0 0 0 0 0 0 0 0 0 0 0 0 0 0 0 0 0 0 0 0 0 0 0 0 0 0 41 0 0 0 0 0 0 0 0 0 0 0
0 0 0 0 0 0 0 0 0 0 0 0 0 0 0 0 0 0 14 0 0 74 23 0 0 0 0 0 0 0 0 0 0 0 0 0 0 0 0 0 55 0 2 49 0 0 0 0 0 0 0 0 0 0 0 0 0 0 0 0 0 0 0 0 0 0 0 0 0 0 0 18 0 0 0 0 70 0 0 0 0 81 0 0 0 0 0 0 0 0 0 0 0 0 0 0 0 0 0 0 0 0 0 0 0 0 0 0 0 0 0 0 36 0 0 0 0 0 0 0 0 19 0 0 0 0 57 0 0 0 0 45 0 57 0 0 0 0 0 0 0 0 0 0 0 0 0 0 15 0
0 0 0 0 0 53 0 0 0 0 0 0 0 0 0 97 0 0 79 0 0 0 0 0 0 0 0 0 0 0 0 86 0 0 0 0 0 0 0 0 0 0 0 0 0 0 0 0 0 0 0 0 0 0 0 0 0 0 0 0 0 0 0 0 0 0 0 0 0 37 29 0 0 0 0 90 0 0 0 0 0 0 0 0 0 0 0 0 0 0 0 0 0 0 0 0 0 0 0 0 0 0 0 0 0 0 18 0 0 0 0 0 35 18 0 0 0 0 0 0 0 0 0 0 0 0 0 0 0 0 0 0 0 0 0 0 85 0 0 0 0 0 0 0 0 0 0 0 0 0
11 0 0 0 0 0 0 0 0 0 0 38 0 0 0 0 0 0 0 0 0 0 0 0 0 0 0 71 0 0 0 0 0 0 0 0 87 0 0 0 0 0 0 0 45 0 0 0 0 0 0 0 0 0 0 42 0 0 0 0 0 0 0 0 0 0 0 0 0 0 0 0 0 0 0 0 0 0 0 0 0 0 0 54 0 0 3 0 0 26 64 0 0 0 0 28 0 0 0 0 0 0 0 0 69 0 0 0 0 96 0 0 10 0 0 72 0 0 0 0 0 0 0 0 0 0 0 0 0 0 0 0 0 0 0 0 0 0 24 0 0 0 0 0 0 0 0 30 0 52
0 44 0 0 0 0 0 0 0 0 0 0 0 0 20 0 0 0 0 0 0 0 0 0 0 0 0 35 0 0 0 0 0 0 0 0 0 11 0 0 0 0 0 0 0 0 0 0 71 0 0 0 0 0 0 0 0 0 0 90 0 0 0 0 0 0 0 0 0 0 0 0 0 0 0 0 0 0 0 0 0 0 0 0 0 62 70 0 0 0 0 0 0 0 0 0 0 0 0 0 0 0 0 0 0 29 0 0 0 0 0 0 0 0 0 0 0 0 0 0 0 0 0 0 58 0 0 0 0 0 0 0 0 0 0 0 0 0 0 0 0 0 0 0 0 15 0 69 73 0
0 0 0 45 0 0 0 0 0 0 0 0 32 79 0 0 0 0 43 0 0 0 0 0 0 0 0 0 0 22 0 0 0 0 0 0 0 0 0 0 0 0 81 0 0 0 0 0 19 0 65 0 0 59 0 0 0 0 75 0 2 0 0 0 0 0 0 0 0 0 0 0 0 0 0 0 0 2 0 0 0 0 0 0 0 0 0 0 0 0 0 0 0 0 0 0 0 0 0 0 0 0 0 0 0 0 0 0 80 0 0 0 0 0 0 0 0 66 0 0 0 0 0 8 0 0 0 0 0 0 0 0 0 0 0 28 0 0 0 0 0 0 0 0 0 0 0 0 0 0
0 92 82 0 0 0 0 0 0 0 0 28 0 0 0 0 0 0 0 0 0 0 0 0 0 0 73 0 0 0 0 0 0 0 0 0 0 0 0 0 0 0 0 23 31 0 0 0 0 0 0 0 0 64 0 0 0 75 0 0 0 0 0 13 0 0 0 0 0 0 0 0 0 0 0 0 0 0 0 0 0 0 0 0 0 0 0 0 0 0 0 0 0 0 0 0 0 11 0 0 0 0 0 17 0 0 0 0 0 0 83 0 0 0 0 0 0 0 0 57 0 0 5 0 0 0 0 0 0 0 0 0 0 0 0 0 0 0 92 0 0 0 0 0 0 0 0 0 0 0
0 0 65 0 0 0 0 0 0 0 0 0 0 0 59 0 0 0 3 0 0 0 0 0 0 0 0 0 0 0 0 41 0 0 71 0 0 0 0 0 0 0 0 0 0 0 0 0 0 0 0 0 0 0 0 0 74 0 0 0 0 0 0 0 0 0 0 0 0 0 0 0 0 0 0 0 0 60 0 0 0 60 0 0 0 0 0 0 0 0 0 0 0 0 0 0 0 31 0 0 0 0 50 0 87 0 0 0 0 0 0 50 0 0 0 0 0 0 0 0 0 0 0 0 0 0 0 0 0 0 0 52 0 46 0 0 0 0 0 0 0 0 0 0 0 0 0 0 0 0
21 0 15 0 0 0 0 0 0 24 96 36 0 0 0 0 0 0 0 0 0 0 0 0 0 0 1 5 0 0 0 0 0 0 0 0 0 0 0 0 0 0 0 87 0 0 0 0 0 0 0 0 87 0 0 0 0 32 0 0 0 0 63 0 0 0 0 0 0 0 0 0 0 0 0 0 0 0 0 0 0 0 0 0 0 0 0 0 0 0 0 57 0 0 67 0 0 0 0 49 0 0 0 0 0 0 57 0 0 0 96 0 0 82 0 0 0 0 0 0 0 0 0 0 7 0 0 0 89 0 70 0 0 0 0 0 0 0 0 0 0 0 0 0 27 0 74 0 0 0
0 0 0 0 0 0 0 0 6 0 0 0 0 0 0 0 45 18 0 3 0 0 0 0 0 15 0 0 0 0 0 0 0 0 0 83 0 0 0 0 0 0 0 0 0 0 0 0 1 0 0 0 0 0 24 90 0 0 0 0 0 0 0 0 0 0 0 0 0 0 78 0 0 0 0 0 0 0 0 0 0 0 0 0 5 0 0 0 0 0 0 0 0 0 0 0 0 0 0 0 0 0 0 37 0 0 0 0 0 0 0 0 0 0 0 0 0 73 0 0 0 53 9 0 0 0 0 0 0 0 0 0 65 0 0 0 0 0 0 0 0 0 0 0 0 12 0 52 0 0
0 0 0 0 0 0 0 0 0 0 0 0 85 0 0 0 0 0 0 0 0 0 0 0 0 0 0 0 0 11 0 0 0 0 0 0 0 0 0 0 0 0 0 0 0 49 0 0 0 0 0 0 0 0 0 0 0 0 10 0 0 0 0 0 0 0 0 0 0 0 0 0 0 0 10 0 0 0 82 0 20 0 0 0 0 0 0 0 0 0 0 0 0 0 0 0 0 0 0 0 0 0 0 0 0 0 20 0 0 0 57 0 0 0 0 0 0 0 30 0 0 0 0 0 65 0 0 0 0 0 0 0 0 0 0 0 0 0 78 40 0 3 0 0 0 0 0 0 0 0
0 0 0 0 54 0 0 0 0 0 0 0 0 43 0 0 0 0 0 0 0 0 0 55 0 39 0 0 0 0 83 0 0 0 0 0 0 0 0 0 0 0 0 0 0 0 0 0 0 0 0 4 0 0 98 0 0 0 0 0 0 7 0 92 0 0 0 0 0 0 0 0 0 0 0 0 45 0 0 83 0 0 0 0 0 0 0 0 28 0 0 0 0 0 0 35 0 0 89 0 0 0 0 0 0 0 0 0 0 22 0 0 0 0 0 0 0 0 0 0 0 0 0 0 0 0 0 0 0 0 0 0 0 0 0 0 0 0 0 0 0 0 0 0 0 0 0 0 0 0
0 0 0 0 0 0 0 0 0 0 0 0 0 0 0 0 0 0 0 0 0 39 0 0 0 36 0 0 0 0 0 29 62 0 0 0 0 0 0 0 0 0 40 0 0 0 78 0 63 0 0 0 56 0 0 0 85 0 0 0 0 47 0 0 0 0 0 0 0 0 0 0 0 0 0 0 0 0 0 0 0 0 0 0 0 0 0 0 0 0 0 0 0 0 0 0 72 0 0 0 0 0 0 0 0 0 0 0 0 0 0 0 0 0 0 0 0 0 0 0 0 0 0 0 0 0 0 0 0 0 0 0 0 0 0 0 0 0 0 0 53 16 0 93 0 0 0 0 0 0
0 0 0 0 0 82 0 0 0 0 0 0 88 0 0 0 0 0 0 0 0 0 0 0 0 0 0 0 0 0 0 0 0 58 0 0 0 0 0 0 0 0 0 0 0 0 18 0 0 0 0 48 0 0 0 0 0 0 0 0 0 0 0 0 64 0 0 0 0 0 0 0 0 0 0 0 0 0 0 0 0 0 0 0 0 0 0 0 0 0 0 0 0 0 0 0 0 0 0 0 0 7 0 0 0 0 0 0 0 0 0 0 0 0 0 0 0 0 0 0 0 0 0 0 0 0 0 0 0 0 0 0 51 0 0 0 0 0 0 0 0 0 85 0 0 0 0 0 0 0
0 0 86 0 0 0 0 14 0 0 0 0 0 0 0 87 0 0 52 0 0 0 0 0 0 0 0 0 0 0 0 0 0 0 0 0 0 0 0 0 0 0 0 0 0 0 0 0 0 0 0 0 20 0 0 0 0 0 0 0 0 0 0 0 0 0 0 0 0 0 0 0 88 0 0 0 0 0 0 46 0 0 0 0 0 0 0 0 0 0 57 0 83 0 47 0 0 0 0 32 0 0 0 0 0 0 0 0 0 0 0 11 0 0 0 0 0 0 0 37 0 0 32 0 0 0 4 0 76 0 0 0 0 0 0 0 0 0 0 0 98 0 0 0 0 0 0 0 0 0
28 0 57 0 0 0 0 0 34 0 0 0 0 0 0 0 0 0 0 5 0 0 68 0 0 0 0 0 0 0 0 57 0 0 0 0 0 0 64 0 0 0 0 0 0 0 80 0 0 0 0 0 0 0 0 0 0 0 29 0 0 0 0 0 0 0 0 0 0 0 0 0 0 0 0 93 0 0 62 0 0 0 0 0 0 0 0 0 0 0 0 0 0 0 0 0 0 0 0 0 0 0 0 0 0 0 0 0 0 0 0 0 0 38 0 0 0 0 0 42 1 0 0 0 0 0 13 0 0 0 0 0 0 0 0 0 0 0 0 0 0 0 0 0 0 0 0 25 0 40
0 0 0 0 0 0 0 0 79 0 0 0 52 0 0 0 0 0 0 89 0 0 0 8 0 0 0 83 0 0 0 0 0 0 0 0 0 0 0 23 0 0 0 0 0 0 8 0 0 21 0 25 0 73 0 0 4 0 0 80 0 0 67 0 0 0 0 0 0 0 0 0 98 0 0 0 0 0 0 0 0 0 0 0 9 0 0 0 0 0 0 0 0 0 45 0 34 0 0 0 0 0 0 0 0 0 0 47 0 0 0 0 0 0 0 0 0 0 0 0 73 0 0 0 0 0 51 0 0 0 8 0 0 0 0 0 0 0 0 0 0 71 0 0 0 0 0 0 0 0
0 11 0 0 0 3 12 0 0 0 0 0 0 0 0 91 0 0 0 0 24 0 0 0 0 0 0 0 75 0 0 0 0 0 0 0 0 0 0 0 0 0 0 0 0 0 0 0 0 0 0 0 0 0 0 0 0 0 0 0 45 35 0 0 0 0 0 0 0 0 0 0 0 0 0 0 0 0 97 0 0 0 89 65 0 0 0 0 0 0 0 0 0 0 0 0 0 0 0 0 0 0 25 0 0 32 0 0 12 0 0 0 0 0 0 0 0 0 0 0 0 0 0 0 0 0 0 0 0 0 0 0 0 67 0 0 0 0 0 0 0 0 0 0 0 0 0 0 0 0
0 0 0 0 0 0 0 0 0 0 0 0 0 0 0 0 0 0 0 0 0 0 0 86 0 0 0 0 0 0 0 0 0 0 0 0 0 0 0 0 0 0 0 0 0 0 0 0 0 0 0 26 0 0 0 0 0 0 0 0 0 0 0 0 0 0 0 0 0 0 0 28 0 0 0 0 0 0 86 0 0 0 0 0 0 0 0 0 0 0 54 0 0 0 0 0 0 0 0 0 0 0 96 0 0 0 0 0 0 66 0 0 0 0 0 83 0 0 0 0 0 0 0 0 0 0 0 0 0 78 0 0 0 0 0 0 0 0 0 0 87 0 0 0 0 0 0 0 0 0
0 0 23 0 0 0 0 0 0 0 0 0 94 0 69 0 0 0 0 0 0 0 0 0 0 0 0 0 0 0 0 72 0 40 80 0 0 0 0 0 0 0 0 2 0 60 0 0 0 0 0 0 0 55 0 0 0 0 0 22 0 0 0 0 0 0 0 0 0 0 0 0 0 0 0 0 0 0 0 0 0 0 0 0 0 0 0 0 0 0 0 0 0 0 1 0 0 0 0 91 0 0 0 0 0 17 0 0 0 0 0 0 0 0 0 0 0 0 0 0 0 0 0 0 0 0 0 0 0 0 0 0 0 0 0 0 0 0 0 0 0 0 0 0 0 0 0 0 0 0
7 0 0 0 23 46 0 0 0 0 0 0 0 0 0 0 0 0 0 0 0 26 0 0 0 0 0 0 0 0 0 0 0 0 0 85 0 0 0 0 0 0 0 0 0 0 0 0 0 0 0 0 0 0 0 0 0 0 0 0 0 0 0 80 0 0 0 0 0 0 0 0 0 0 0 0 64 0 0 0 0 0 0 0 0 0 0 0 0 0 0 0 0 0 0 79 0 0 0 0 0 0 0 0 0 0 56 0 0 95 0 0 0 0 0 0 0 0 0 0 0 0 0 0 0 0 0 0 0 0 0 0 0 0 0 10 0 0 0 0 0 0 0 0 0 0 0 0 0 0
0 0 0 0 0 0 0 0 0 0 0 0 0 0 0 0 36 0 0 0 0 94 0 0 0 0 20 0 0 0 62 0 0 0 66 63 22 0 0 25 0 0 0 0 0 0 0 0 0 0 0 0 0 0 0 0 0 0 0 0 0 0 0 0 0 0 0 0 0 0 0 0 0 89 0 0 0 0 0 0 0 0 0 94 0 0 0 0 58 0 0 0 0 0 0 0 0 67 0 0 0 0 0 0 0 0 0 0 0 0 0 0 0 0 0 0 0 0 0 80 0 0 0 0 0 0 0 0 0 84 0 0 0 37 0 0 0 0 0 0 9 0 0 0 0 0 0 0 65 0
0 0 0 89 0 0 0 0 0 0 0 0 0 0 0 0 0 0 0 0 0 0 0 0 87 0 0 0 0 0 88 0 0 0 0 0 0 0 0 0 0 0 0 0 0 0 83 0 0 0 0 0 22 0 48 0 0 0 0 76 0 0 0 0 37 0 0 0 0 0 0 0 0 0 0 0 0 0 0 0 0 88 0 0 0 0 61 73 0 0 0 60 0 0 0 0 0 0 0 0 55 0 0 0 0 0 0 0 9 0 0 0 0 0 0 0 14 0 73 0 0 0 0 0 0 0 0 77 0 0 0 0 0 0 0 0 0 0 0 26 18 0 0 0 0 0 0 0 0 0
0 0 0 0 0 0 45 0 27 0 0 0 0 0 0 0 0 0 0 0 29 0 0 0 12 0 0 0 0 0 0 0 0 0 0 87 0 0 0 0 0 0 0 0 0 0 40 12 0 0 0 0 0 0 0 0 19 0 0 0 0 0 0 0 0 0 0 0 0 0 0 0 0 0 0 0 81 0 0 0 0 3 0 0 81 0 0 0 0 0 0 0 0 0 0 0 0 0 0 44 0 0 0 0 0 0 0 0 0 0 90 0 0 0 0 0 0 0 0 0 0 0 0 0 0 0 16 0 0 0 0 0 0 0 0 0 0 0 0 0 0 0 0 0 0 0 0 0 0 0
0 0 14 0 77 0 0 0 0 0 0 0 0 0 0 0 0 0 0 0 0 0 0 0 0 0 0 0 0 0 0 29 56 0 0 0 0 0 72 0 0 0 0 30 0 0 0 53 48 0 0 0 0 0 9 0 0 0 0 0 0 0 0 0 62 0 0 0 0 72 0 0 57 49 0 0 0 0 0 0 0 0 21 0 0 0 0 0 0 0 0 98 0 0 0 0 0 42 0 0 0 50 0 0 0 0 0 0 0 0 0 0 0 0 0 0 0 0 0 48 0 0 41 0 0 3 0 0 0 0 0 0 0 0 0 0 0 0 44 0 0 0 0 88 0 0 15 0 10 0
0 0 0 0 0 0 0 0 0 0 0 0 0 57 0 0 57 0 0 0 0 0 0 0 0 43 0 0 0 0 0 0 0 0 0 0 0 0 0 0 0 0 0 0 0 13 80 0 0 0 0 0 0 0 0 0 0 0 0 59 0 0 0 0 0 0 0 12 0 0 0 0 0 0 0 29 0 0 0 0 0 0 0 97 0 0 80 0 0 0 0 0 0 0 0 0 0 0 0 0 0 20 0 0 0 0 0 0 0 0 0 0 0 0 0 0 0 0 0 0 0 0 0 0 0 0 0 0 0 0 81 0 0 0 0 0 71 0 0 0 0 0 0 0 0 0 0 0 0 0
0 0 0 0 0 0 0 0 0 0 0 0 0 78 0 0 0 0 0 0 0 0 0 0 0 25 0 0 0 6 0 0 0 0 0 0 0 0 0 0 0 0 0 0 0 0 0 75 0 0 0 71 0 0 0 60 0 0 0 0 0 0 0 0 0 63 0 0 65 0 58 10 0 12 0 0 0 0 0 0 0 0 0 0 0 11 0 0 0 0 0 0 0 12 0 65 0 89 0 0 0 0 0 0 0 0 0 0 0 0 0 0 0 78 0 0 0 0 0 0 0 0 0 0 0 0 0 0 0 0 0 0 0 0 0 0 0 0 0 0 13 0 0 0 15 0 0 0 77 0
0 0 0 0 0 0 0 0 0 0 0 0 0 0 0 0 0 0 0 0 0 0 0 0 0 0 0 0 0 0 0 0 0 61 0 0 0 0 0 0 90 0 0 0 0 0 3 0 0 0 0 0 0 0 67 0 38 0 0 0 0 0 0 0 0 0 0 39 0 0 0 0 0 94 0 66 0 0 0 0 0 40 33 0 0 0 0 0 0 0 0 68 0 0 81 0 0 0 0 0 0 0 0 0 0 0 0 0 0 0 0 0 0 0 0 0 0 0 0 0 0 0 0 1 0 11 0 0 0 0 68 0 0 0 0 0 0 0 0 0 0 0 0 0 0 71 0 12 0 0
0 0 0 0 0 31 0 91 0 0 0 0 12 0 0 0 89 0 0 0 0 0 0 0 0 0 82 0 0 0 0 0 0 0 0 35 0 0 0 86 0 59 0 0 0 0 0 0 0 0 0 0 0 0 0 0 1 0 0 0 0 0 0 0 0 0 0 0 0 0 0 0 84 6 0 72 0 0 0 0 0 0 0 0 0 0 0 0 0 0 0 0 0 0 0 0 0 0 66 40 0 0 0 0 0 0 0 0 0 0 0 0 82 0 0 0 0 0 0 0 0 0 0 0 0 0 0 0 0 0 0 0 0 0 0 0 4 0 29 0 0 0 0 0 0 88 0 0 0 0
0 0 0 0 1 0 0 0 0 0 6 0 0 0 0 19 0 0 0 0 0 23 59 0 0 0 0 0 0 0 0 0 0 3 0 0 0 0 0 0 0 0 0 0 0 0 0 0 0 0 0 0 0 0 0 0 0 0 0 0 0 0 0 0 0 0 16 0 0 0 0 0 0 0 0 0 0 0 29 0 0 0 0 0 0 0 0 0 29 0 0 0 0 0 54 0 0 0 0 0 0 0 0 0 56 0 0 0 0 0 0 0 0 85 0 0 0 0 0 0 0 0 0 0 16 0 0 0 32 0 0 0 0 30 0 0 0 0 0 0 90 0 68 0 0 0 0 0 0 0
0 0 0 0 56 0 0 0 0 0 0 0 0 0 0 0 0 10 0 0 0 0 0 0 0 0 0 0 0 0 0 0 0 0 80 0 0 0 0 0 0 0 0 0 95 0 0 0 0 0 93 0 0 0 0 0 0 0 0 0 0 0 0 0 0 0 9 0 0 0 0 0 0 0 5 0 31 0 0 0 0 52 0 0 0 0 0 0 0 0 0 0 0 0 0 0 0 0 0 0 0 0 0 0 0 0 0 0 0 0 0 0 0 0 18 0 0 0 0 0 0 0 0 0 0 88 0 0 0 0 66 0 0 0 92 0 0 0 0 0 0 0 0 0 0 0 0 0 0 0
0 0 33 0 0 0 0 0 0 0 38 0 0 0 0 0 0 0 0 0 0 0 0 0 0 0 0 0 0 0 0 0 0 0 0 0 0 0 0 0 0 0 0 0 0 0 0 0 0 0 0 0 0 82 0 0 0 0 0 0 0 0 59 0 0 0 0 0 3 0 0 0 0 0 0 0 0 0 0 0 0 0 0 0 0 57 0 0 0 0 0 0 0 0 0 51 0 0 0 0 0 0 0 0 0 0 0 0 0 0 0 0 0 0 0 0 0 0 0 0 0 0 0 0 0 0 0 0 10 0 0 0 0 96 0 0 0 0 0 0 0 77 0 0 0 0 0 0 0 0
0 0 34 0 0 0 0 0 0 0 0 0 0 88 0 0 0 6 0 0 0 0 0 0 0 36 0 0 0 0 0 0 62 0 0 0 0 0 0 0 0 0 0 0 0 49 0 0 0 0 0 13 0 4 0 4 0 0 0 0 0 45 0 0 0 0 0 0 0 0 0 0 0 0 0 0 0 0 0 0 0 49 0 0 0 0 0 0 0 0 0 0 0 0 0 0 0 0 0 0 0 0 0 0 34 0 0 0 0 0 0 0 0 95 0 0 0 0 0 0 0 0 0 0 0 0 0 0 0 0 0 0 0 0 0 0 0 20 0 0 0 0 0 0 0 0 0 0 0 0
0 0 0 0 0 33 0 0 0 0 0 0 5 0 28 0 0 0 0 0 10 0 0 0 0 0 0 0 0 0 2 0 0 0 0 0 0 0 0 0 0 0 0 0 0 0 0 0 0 0 0 0 0 0 0 0 0 31 0 0 0 0 0 0 0 0 28 0 0 0 0 0 0 0 0 0 0 0 0 0 0 0 0 0 0 0 0 0 0 0 0 0 0 0 0 0 0 0 0 0 0 0 0 0 0 0 0 0 0 0 14 0 0 0 0 0 0 0 0 0 0 0 0 93 1 39 0 0 0 0 0 0 0 0 0 18 0 0 0 0 0 0 0 0 0 0 0 0 0 0
0 0 0 0 0 0 0 0 0 0 0 0 0 0 92 0 0 0 0 0 0 98 0 0 0 0 0 0 0 0 0 0 70 0 0 40 0 0 0 0 0 0 0 0 0 0 0 0 0 0 58 0 0 0 0 0 0 0 0 59 0 0 0 0 0 29 0 0 0 0 0 6 88 0 0 0 0 0 0 37 0 16 0 0 0 0 0 0 0 0 0 0 0 0 0 0 0 65 0 0 0 73 0 0 70 0 0 0 0 15 0 0 46 0 0 11 0 0 0 0 0 59 0 0 0 0 0 0 0 0 0 0 85 0 0 0 0 0 0 0 0 0 0 0 26 0 79 0 0 0
0 0 0 0 0 64 0 0 0 0 0 0 0 0 0 0 0 6 0 0 0 0 79 0 82 0 0 0 0 0 0 0 0 0 0 0 0 0 56 0 0 0 0 0 36 0 0 0 0 0 0 93 0 0 0 0 41 0 0 0 0 0 0 0 0 0 0 0 0 0 0 0 0 0 0 79 0 0 0 0 0 54 0 0 15 0 0 0 0 0 0 0 0 0 0 24 0 0 0 0 0 0 0 0 0 0 0 0 0 0 0 0 0 0 0 0 0 0 0 0 0 0 0 0 23 0 0 0 36 0 0 0 0 0 0 0 0 0 5 0 0 0 25 0 0 0 0 0 0 0
0 0 0 26 0 0 0 0 0 0 0 0 0 0 0 0 0 0 0 0 0 0 0 0 0 2 0 0 0 0 0 0 0 0 20 0 0 0 0 0 0 0 0 0 0 0 0 0 0 0 0 0 0 0 0 0 0 0 0 0 0 0 0 0 0 0 0 0 0 0 0 56 0 0 0 0 0 0 0 0 0 14 0 0 0 0 0 0 0 0 0 0 0 0 0 0 0 0 0 0 68 0 0 31 0 0 0 0 0 0 0 0 0 0 0 0 0 0 0 27 0 0 0 0 0 0 0 0 0 0 72 0 0 0 0 0 0 0 0 0 21 0 0 0 0 0 0 0 0 0
0 0 0 0 0 0 0 0 0 0 0 0 0 0 0 0 0 0 0 0 23 0 0 0 0 0 0 0 91 0 0 67 0 0 0 0 0 0 0 0 0 0 61 0 0 41 0 0 0 0 0 0 0 0 0 0 0 0 0 0 0 0 0 0 0 0 0 65 0 0 0 0 0 49 0 0 0 0 0 0 85 0 0 0 0 0 0 0 0 0 0 0 0 0 0 0 0 0 0 0 0 59 0 0 0 0 0 0 0 0 0 0 0 23 26 0 0 0 0 0 92 0 0 0 0 0 0 0 0 0 0 27 0 0 0 0 0 0 0 0 0 0 0 0 0 0 0 0 0 0
0 0 0 84 0 0 0 0 0 0 0 0 0 0 16 0 0 16 0 0 0 0 28 0 0 0 0 0 0 0 0 0 0 0 0 0 0 0 0 0 0 0 0 0 0 0 40 0 0 0 0 0 0 0 0 0 0 0 0 0 0 0 0 0 0 0 0 0 0 48 0 0 91 0 0 0 0 0 0 0 0 0 0 0 0 0 0 0 0 73 0 0 0 0 0 0 0 0 0 0 0 76 0 0 0 0 0 0 0 0 0 0 0 0 0 0 0 0 0 0 0 0 0 0 0 0 0 88 0 24 0 0 0 0 0 14 0 0 0 0 0 0 0 0 0 0 0 0 0 0
58 0 0 0 33 0 0 0 0 0 0 0 0 0 0 0 0 0 0 0 0 0 0 0 0 22 0 0 0 0 0 0 0 0 0 0 80 0 0 0 55 0 0 0 0 0 0 0 0 0 0 57 0 67 0 0 0 0 0 0 0 0 0 0 0 0 0 0 0 0 0 9 0 20 0 0 0 0 0 0 0 0 0 0 0 0 0 0 16 0 0 0 0 53 0 0 0 0 0 65 0 0 0 0 0 0 0 0 0 0 0 0 0 0 0 0 0 0 0 0 0 0 0 0 0 0 23 0 0 0 0 0 0 97 0 0 0 0 0 0 0 0 0 95 42 0 0 88 0 0
0 0 0 0 95 0 0 0 0 94 61 0 0 0 0 0 0 0 0 0 0 0 0 80 0 0 0 0 0 0 93 0 0 0 0 0 0 0 0 0 0 0 0 0 0 0 0 0 0 0 0 0 0 0 0 0 0 0 0 0 0 0 0 0 0 0 0 0 0 0 0 0 0 12 0 0 0 0 0 0 0 0 0 0 0 0 0 0 0 69 0 0 0 0 0 0 0 0 0 0 0 0 0 0 0 0 0 0 0 0 0 66 0 0 0 0 0 0 0 0 0 0 0 0 0 0 0 0 0 0 44 0 19 0 91 0 0 10 0 0 0 0 0 0 34 0 0 0 0 13
0 0 0 13 35 0 0 0 0 0 0 0 0 19 0 0 0 0 0 0 0 0 0 0 0 0 0 0 0 6 0 0 0 0 0 0 0 0 0 78 0 0 0 15 0 0 21 0 0 0 74 0 0 0 0 0 0 0 0 0 0 0 0 39 0 6 0 0 0 0 0 0 0 0 0 0 0 0 0 0 0 44 0 0 0 0 0 0 14 0 0 0 0 0 0 0 0 0 29 0 0 0 0 0 0 0 0 0 0 0 0 0 0 0 0 0 92 0 0 0 0 0 0 25 0 0 0 0 0 0 0 0 0 61 0 0 0 0 0 0 0 0 0 0 0 0 0 0 0 0
0 0 0 0 0 0 0 0 0 0 0 0 0 0 0 0 0 0 0 0 0 0 0 89 0 38 0 0 0 0 0 0 0 0 0 0 0 76 0 0 0 0 0 0 0 0 0 0 0 0 0 0 0 0 0 0 0 0 0 0 0 0 0 38 0 0 49 0 82 0 22 0 0 0 0 0 0 0 79 0 0 0 0 0 0 0 0 0 0 0 0 0 0 0 0 0 0 0 0 0 0 0 0 0 35 0 0 75 0 0 0 0 0 67 0 0 0 0 0 0 0 80 0 0 0 0 0 0 0 0 0 0 0 0 0 0 0 0 0 0 0 0 0 0 0 0 0 20 0 0
0 0 38 0 0 0 0 0 0 0 0 31 0 0 0 86 0 0 0 0 0 0 75 0 0 0 0 0 0 97 77 35 0 0 0 0 0 0 0 0 0 0 0 0 32 0 0 0 0 0 0 0 0 0 0 0 0 0 2 0 0 0 0 0 0 0 0 0 0 0 10 13 0 0 0 40 0 0 0 0 0 0 25 49 0 0 0 0 0 0 0 0 0 0 0 0 0 0 0 0 0 0 0 0 0 0 0 0 0 97 0 39 0 0 0 0 0 0 0 0 0 0 0 0 0 0 0 0 2 0 0 0 0 0 0 0 0 33 0 0 0 0 0 74 0 0 0 0 0 0
0 0 0 0 0 0 0 0 0 95 0 0 0 0 0 0 0 0 0 0 0 0 0 0 0 0 0 0 0 0 0 0 0 0 64 0 0 0 0 0 0 0 0 0 0 0 0 0 0 0 0 0 0 21 0 0 0 0 0 0 0 0 0 0 0 27 0 0 0 0 0 0 0 0 0 0 0 0 0 0 0 0 0 0 0 0 0 0 0 0 0 0 0 0 0 0 0 0 0 0 0 0 0 0 0 0 0 0 0 0 0 66 0 0 34 0 0 0 0 0 0 0 0 0 0 0 0 0 0 0 24 0 0 0 0 0 0 0 39 0 0 0 0 95 25 0 0 0 0 0
0 0 0 0 0 0 0 0 0 0 0 0 0 23 0 0 0 0 0 0 0 0 0 0 0 0 0 0 0 0 0 0 0 0 0 0 0 0 89 0 0 0 0 0 0 67 0 72 0 0 0 0 0 0 0 0 0 0 0 0 0 0 0 0 0 0 0 0 0 0 0 0 0 0 0 19 0 0 0 0 0 0 0 0 0 0 0 0 0 58 0 0 0 0 0 0 0 0 0 0 0 0 0 0 0 0 0 0 0 0 0 0 0 0 0 0 0 0 0 0 0 0 0 0 0 0 46 0 0 0 92 0 0 0 0 0 0 0 0 0 40 0 0 0 0 0 29 0 0 0
0 0 0 0 0 0 0 0 0 0 0 0 0 0 0 0 0 0 0 0 0 0 0 0 0 0 0 0 0 0 0 0 0 0 0 0 0 0 0 0 0 95 0 0 0 0 0 0 0 0 0 0 0 0 0 0 0 0 0 0 0 0 0 0 0 0 0 73 0 0 0 0 0 0 0 0 0 0 0 23 0 0 0 0 0 0 88 0 0 0 0 0 0 0 0 0 0 0 0 0 0 0 0 0 0 0 27 0 0 0 0 0 0 0 0 0 0 0 0 0 61 0 96 0 0 0 0 0 0 65 0 0 78 0 0 60 0 0 0 0 0 58 0 0 0 0 0 0 0 0
0 0 0 0 0 0 0 0 0 0 18 0 0 0 0 0 0 0 0 0 0 0 0 0 0 0 34 0 0 45 0 0 0 44 0 58 54 0 0 0 0 0 0 0 94 0 82 0 0 0 0 0 0 0 0 0 0 0 0 0 0 0 39 0 0 0 0 0 31 0 0 0 0 0 0 45 0 0 83 0 0 41 0 0 0 0 0 0 91 0 0 0 0 0 45 0 0 73 0 0 0 57 0 0 0 0 0 0 0 30 28 0 0 0 0 0 0 0 0 0 0 0 0 0 0 0 0 0 0 0 0 96 0 0 0 0 0 0 5 0 0 0 0 26 0 0 0 0 0 0
0 0 0 0 0 0 0 0 0 0 0 0 0 0 0 0 0 0 47 0 0 0 0 0 88 0 0 0 0 0 0 0 0 0 0 19 0 0 0 0 0 0 0 0 0 42 0 0 0 0 0 0 0 0 0 0 0 0 0 0 0 0 0 0 0 0 0 0 0 0 0 0 0 0 0 0 0 0 0 30 0 0 0 0 0 0 0 0 0 0 0 0 0 0 65 0 0 0 0 0 95 0 0 0 0 0 0 0 0 0 0 0 0 0 0 0 0 0 0 0 0 0 0 0 0 0 0 91 0 0 0 0 0 0 62 0 0 0 0 0 0 0 0 0 0 0 0 0 0 0
0 0 0 0 0 0 0 0 0 0 0 0 0 17 0 0 0 0 0 0 0 0 0 0 0 0 0 0 0 0 0 0 0 0 0 0 0 0 0 0 67 0 0 0 0 0 0 0 0 0 0 0 0 0 0 0 0 0 0 0 0 0 61 0 0 0 0 0 0 0 0 0 0 79 46 0 0 0 0 0 0 0 0 0 0 0 0 0 0 0 0 0 0 0 0 9 0 0 0 0 0 0 0 0 0 7 52 0 0 86 0 0 0 0 0 0 0 0 35 0 0 0 0 0 0 0 0 0 9 0 0 0 0 78 0 0 0 0 0 0 0 0 0 52 82 0 0 0 0 0
8 0 0 0 0 0 0 76 0 0 0 0 0 0 0 0 0 57 0 0 47 0 0 0 0 0 0 0 0 0 0 0 0 0 0 0 0 0 0 0 0 0 0 0 0 0 0 0 0 0 0 0 0 0 0 0 0 0 0 0 0 0 0 0 0 0 0 0 0 0 0 88 0 0 0 0 0 0 0 0 0 0 0 0 95 0 0 0 0 0 0 0 0 0 82 0 0 0 0 0 0 0 55 0 0 0 0 0 0 0 0 0 0 0 0 0 0 0 10 0 0 0 0 0 0 0 0 0 0 0 0 0 0 0 0 0 0 0 0 0 0 0 52 0 81 0 0 20 0 0